template/proc/Sta0001.ros
* Sea-Bird SBE 9 Data File:
* FileName = C:\Seabird\CTDDATA\Sta0001.hdr
* Software Version Seasave V 7.26.7.107
* Temperature SN = 5884
* Conductivity SN = 2860
* Number of Bytes Per Scan = 44
* Number of Voltage Words = 5
* Number of Scans Averaged by the Deck Unit = 1
* NMEA Latitude = 81 16.09 N
* NMEA Longitude = 009 47.15 W
* NMEA UTC (Time) = Jan 01 2000 06:43:32
* NMEA baud rate = 9600
** Ship name [platform code]: Kronprins Haakon [9566] ""
** Station: 0001
** Cruise: 2000xxxxxx
** Echodepth [m]: 151
** Log [Nm]: 1637.09
** Wind-Dir [deg T] Force [m/s]: 20 05
** Airtemp (dry) [degC]: 1.1
** Air pressure [mBar]: 1014.9
** CTD-snr, rosette-snr, deckunit-snr: 09-1346, 32-1222, 11-1121
** Moonpool(M)/Skuteside(S): S
** Cruise name: TEST 2000
# nquan = 15
# nvalues = 343                                   
# units = specified
# name 0 = prDM: Pressure, Digiquartz [db]
# name 1 = t090C: Temperature [ITS-90, deg C]
# name 2 = t190C: Temperature, 2 [ITS-90, deg C]
# name 3 = c0S/m: Conductivity [S/m]
# name 4 = c1S/m: Conductivity, 2 [S/m]
# name 5 = sbox0Mm/Kg: Oxygen, SBE 43 [umol/kg]
# name 6 = wetCDOM: Fluorescence, WET Labs CDOM [mg/m^3]
# name 7 = flECO-AFL: Fluorescence, WET Labs ECO-AFL/FL [mg/m^3]
# name 8 = CStarAt0: Beam Attenuation, WET Labs C-Star [1/m]
# name 9 = timeS: Time, Elapsed [seconds]
# name 10 = latitude: Latitude [deg]
# name 11 = longitude: Longitude [deg]
# name 12 = scan: Scan Count
# name 13 = nbf: Bottles Fired
# name 14 = flag:  0.000e+00
# interval = seconds: 0.0416667
# start_time = Jan 01 2000 06:43:32 [NMEA time, header]
# bad_flag = -9.990e-29
*END*
    150.552    -0.4858    -0.4874   2.805514   2.805139    279.576     0.1148     0.0450     0.2443    468.833   81.26826   -9.78582      11253          1  0.000e+00
    150.493    -0.4860    -0.4873   2.805480   2.805172    279.820     0.1148     0.0450     0.2443    468.875   81.26826   -9.78582      11254          1  0.000e+00
    150.604    -0.4861    -0.4875   2.805463   2.805178    279.844     0.1148     0.0450     0.2443    468.917   81.26826   -9.78582      11255          1  0.000e+00
    150.604    -0.4862    -0.4872   2.805412   2.805189    279.864     0.1148     0.0450     0.2443    468.958   81.26826   -9.78582      11256          1  0.000e+00
    150.589    -0.4862    -0.4874   2.805355   2.805238    279.884     0.1148     0.0450     0.2443    469.000   81.26826   -9.78582      11257          1  0.000e+00
    150.604    -0.4867    -0.4872   2.805378   2.805249    279.905     0.1148     0.0450     0.2443    469.042   81.26826   -9.78582      11258          1  0.000e+00
    150.655    -0.4867    -0.4869   2.805372   2.805271    279.879     0.1148     0.0450     0.2443    469.083   81.26826   -9.78582      11259          1  0.000e+00
    150.604    -0.4867    -0.4870   2.805378   2.805315    279.894     0.1148     0.0450     0.2443    469.125   81.26826   -9.78582      11260          1  0.000e+00
    150.655    -0.4869    -0.4867   2.805366   2.805293    279.644     0.1148     0.0450     0.2443    469.167   81.26826   -9.78582      11261          1  0.000e+00
    150.655    -0.4867    -0.4867   2.805383   2.805299    279.617     0.1148     0.0376     0.2443    469.208   81.26826   -9.78582      11262          1  0.000e+00
    150.692    -0.4867    -0.4867   2.805372   2.805288    279.865     0.1148     0.0450     0.2443    469.250   81.26826   -9.78582      11263          1  0.000e+00
    150.714    -0.4867    -0.4867   2.805400   2.805277    279.660     0.1148     0.0376     0.2432    469.292   81.26826   -9.78582      11264          1  0.000e+00
    150.655    -0.4869    -0.4867   2.805378   2.805277    279.370     0.1148     0.0450     0.2432    469.333   81.26826   -9.78582      11265          1  0.000e+00
    150.714    -0.4871    -0.4869   2.805367   2.805255    279.314     0.1148     0.0450     0.2432    469.375   81.26826   -9.78582      11266          1  0.000e+00
    150.714    -0.4869    -0.4869   2.805383   2.805288    279.750     0.1148     0.0450     0.2432    469.417   81.26826   -9.78582      11267          1  0.000e+00
    150.750    -0.4867    -0.4869   2.805361   2.805288    279.780     0.1148     0.0450     0.2432    469.458   81.26826   -9.78582      11268          1  0.000e+00
    150.765    -0.4871    -0.4865   2.805384   2.805315    279.811     0.1148     0.0450     0.2432    469.500   81.26826   -9.78582      11269          1  0.000e+00
    150.765    -0.4869    -0.4869   2.805395   2.805332    279.839     0.1148     0.0450     0.2432    469.542   81.26826   -9.78582      11270          1  0.000e+00
    150.714    -0.4871    -0.4867   2.805372   2.805310    279.868     0.1136     0.0450     0.2432    469.583   81.26826   -9.78582      11271          1  0.000e+00
    150.824    -0.4869    -0.4865   2.805384   2.805304    279.899     0.1136     0.0450     0.2432    469.625   81.26826   -9.78582      11272          1  0.000e+00
    150.765    -0.4869    -0.4865   2.805383   2.805304    279.657     0.1136     0.0376     0.2432    469.667   81.26826   -9.78582      11273          1  0.000e+00
    150.802    -0.4871    -0.4869   2.805350   2.805288    279.602     0.1136     0.0450     0.2432    469.708   81.26826   -9.78582      11274          1  0.000e+00
    150.824    -0.4873    -0.4869   2.805344   2.805277    279.592     0.1136     0.0450     0.2432    469.750   81.26826   -9.78582      11275          1  0.000e+00
    150.875    -0.4871    -0.4869   2.805361   2.805299    279.581     0.1136     0.0450     0.2432    469.792   81.26826   -9.78582      11276          1  0.000e+00
    150.765    -0.4869    -0.4867   2.805378   2.805282    279.566     0.1136     0.0450     0.2432    469.833   81.26826   -9.78582      11277          1  0.000e+00
    150.824    -0.4867    -0.4869   2.805412   2.805260    279.829     0.1136     0.0450     0.2432    469.875   81.26826   -9.78582      11278          1  0.000e+00
    150.927    -0.4869    -0.4870   2.805378   2.805205    279.601     0.1136     0.0450     0.2432    469.917   81.26826   -9.78582      11279          1  0.000e+00
    150.853    -0.4871    -0.4872   2.805384   2.805194    279.818     0.1136     0.0450     0.2432    469.958   81.26826   -9.78582      11280          1  0.000e+00
    150.875    -0.4867    -0.4875   2.805384   2.805216    279.853     0.1136     0.0450     0.2432    470.000   81.26826   -9.78582      11281          1  0.000e+00
    150.875    -0.4866    -0.4872   2.805367   2.805200    279.889     0.1136     0.0450     0.2432    470.042   81.26826   -9.78582      11282          1  0.000e+00
    150.927    -0.4867    -0.4874   2.805423   2.805216    279.703     0.1136     0.0450     0.2443    470.083   81.26826   -9.78582      11283          1  0.000e+00
    150.927    -0.4869    -0.4873   2.805384   2.805244    279.432     0.1136     0.0450     0.2465    470.125   81.26826   -9.78582      11284          1  0.000e+00
    150.912    -0.4869    -0.4870   2.805406   2.805249    279.926     0.1136     0.0450     0.2465    470.167   81.26826   -9.78582      11285          1  0.000e+00
    150.927    -0.4871    -0.4872   2.805429   2.805249    280.016     0.1136     0.0450     0.2465    470.208   81.26826   -9.78582      11286          1  0.000e+00
    150.927    -0.4867    -0.4870   2.805440   2.805249    280.059     0.1136     0.0450     0.2465    470.250   81.26826   -9.78582      11287          1  0.000e+00
    150.985    -0.4869    -0.4870   2.805406   2.805249    279.794     0.1136     0.0376     0.2465    470.292   81.26826   -9.78582      11288          1  0.000e+00
    150.927    -0.4867    -0.4872   2.805395   2.805233    280.017     0.1136     0.0450     0.2465    470.333   81.26826   -9.78582      11289          1  0.000e+00
    150.985    -0.4869    -0.4870   2.805384   2.805222    280.333     0.1136     0.0450     0.2465    470.375   81.26826   -9.78582      11290          1  0.000e+00
    150.963    -0.4872    -0.4870   2.805350   2.805244    280.151     0.1136     0.0450     0.2465    470.417   81.26826   -9.78582      11291          1  0.000e+00
    150.926    -0.4871    -0.4869   2.805299   2.805205    280.192     0.1136     0.0376     0.2465    470.458   81.26826   -9.78582      11292          1  0.000e+00
    150.985    -0.4873    -0.4872   2.805304   2.805216    280.238     0.1136     0.0450     0.2465    470.500   81.26826   -9.78582      11293          1  0.000e+00
    150.985    -0.4873    -0.4872   2.805304   2.805222    280.010     0.1136     0.0450     0.2465    470.542   81.26826   -9.78582      11294          1  0.000e+00
    150.985    -0.4876    -0.4872   2.805253   2.805222    280.283     0.1136     0.0450     0.2465    470.583   81.26826   -9.78582      11295          1  0.000e+00
    150.985    -0.4875    -0.4872   2.805236   2.805222    280.011     0.1136     0.0450     0.2465    470.625   81.26826   -9.78582      11296          1  0.000e+00
    151.022    -0.4876    -0.4872   2.805236   2.805200    279.968     0.1136     0.0376     0.2465    470.667   81.26826   -9.78582      11297          1  0.000e+00
    150.985    -0.4878    -0.4872   2.805253   2.805194    279.922     0.1123     0.0376     0.2465    470.708   81.26826   -9.78582      11298          1  0.000e+00
    150.985    -0.4879    -0.4872   2.805214   2.805194    279.609     0.1123     0.0303     0.2465    470.750   81.26826   -9.78582      11299          1  0.000e+00
    150.985    -0.4881    -0.4870   2.805248   2.805216    279.791     0.1123     0.0303     0.2465    470.792   81.26826   -9.78582      11300          1  0.000e+00
    150.985    -0.4878    -0.4872   2.805265   2.805244    280.015     0.1123     0.0376     0.2465    470.833   81.26826   -9.78582      11301          1  0.000e+00
    100.227    -0.7570    -0.7479   2.754803   2.756725    284.867     0.1160     0.0376     0.2365    538.583   81.26826   -9.78580      12927          2  0.000e+00
    100.227    -0.7559    -0.7464   2.755163   2.757157    284.853     0.1160     0.0450     0.2365    538.625   81.26826   -9.78580      12928          2  0.000e+00
    100.175    -0.7537    -0.7455   2.755652   2.757458    284.824     0.1160     0.0450     0.2365    538.667   81.26826   -9.78580      12929          2  0.000e+00
    100.227    -0.7525    -0.7445   2.755860   2.757578    284.767     0.1160     0.0376     0.2365    538.708   81.26826   -9.78580      12930          2  0.000e+00
    100.227    -0.7517    -0.7441   2.756006   2.757480    284.754     0.1160     0.0450     0.2365    538.750   81.26826   -9.78580      12931          2  0.000e+00
    100.175    -0.7509    -0.7453   2.756181   2.757075    284.782     0.1160     0.0450     0.2365    538.792   81.26826   -9.78580      12932          2  0.000e+00
    100.175    -0.7503    -0.7480   2.756321   2.756243    284.723     0.1160     0.0450     0.2365    538.833   81.26826   -9.78580      12933          2  0.000e+00
    100.227    -0.7497    -0.7517   2.756372   2.755532    284.665     0.1160     0.0450     0.2365    538.875   81.26826   -9.78580      12934          2  0.000e+00
    100.227    -0.7497    -0.7527   2.756344   2.755576    284.653     0.1160     0.0450     0.2365    538.917   81.26826   -9.78580      12935          2  0.000e+00
    100.175    -0.7497    -0.7517   2.756310   2.756161    284.637     0.1160     0.0450     0.2365    538.958   81.26826   -9.78580      12936          2  0.000e+00
    100.227    -0.7496    -0.7494   2.756344   2.756725    284.351     0.1160     0.0376     0.2365    539.000   81.26826   -9.78580      12937          2  0.000e+00
    100.300    -0.7497    -0.7474   2.756316   2.757037    284.565     0.1172     0.0450     0.2365    539.042   81.26826   -9.78580      12938          2  0.000e+00
    100.175    -0.7500    -0.7463   2.756220   2.757272    284.864     0.1172     0.0450     0.2377    539.083   81.26826   -9.78580      12939          2  0.000e+00
    100.227    -0.7503    -0.7455   2.756119   2.757316    284.669     0.1172     0.0376     0.2377    539.125   81.26826   -9.78580      12940          2  0.000e+00
    100.278    -0.7508    -0.7458   2.755978   2.757168    284.704     0.1172     0.0450     0.2365    539.167   81.26826   -9.78580      12941          2  0.000e+00
    100.227    -0.7515    -0.7460   2.755838   2.757080    284.961     0.1172     0.0450     0.2365    539.208   81.26826   -9.78580      12942          2  0.000e+00
    100.278    -0.7521    -0.7458   2.755646   2.757201    285.039     0.1172     0.0450     0.2365    539.250   81.26826   -9.78580      12943          2  0.000e+00
    100.227    -0.7533    -0.7454   2.755354   2.757234    285.071     0.1172     0.0450     0.2365    539.292   81.26826   -9.78580      12944          2  0.000e+00
    100.227    -0.7541    -0.7463   2.755225   2.756747    285.095     0.1172     0.0450     0.2365    539.333   81.26826   -9.78580      12945          2  0.000e+00
    100.227    -0.7546    -0.7495   2.755163   2.755838    285.110     0.1172     0.0450     0.2365    539.375   81.26826   -9.78580      12946          2  0.000e+00
    100.227    -0.7550    -0.7542   2.755208   2.754913    284.848     0.1172     0.0376     0.2365    539.417   81.26826   -9.78580      12947          2  0.000e+00
    100.227    -0.7549    -0.7585   2.755270   2.754213    284.807     0.1172     0.0450     0.2365    539.458   81.26826   -9.78580      12948          2  0.000e+00
    100.227    -0.7552    -0.7620   2.755185   2.753661    284.771     0.1172     0.0450     0.2365    539.500   81.26826   -9.78580      12949          2  0.000e+00
    100.227    -0.7561    -0.7646   2.754775   2.753332    284.747     0.1172     0.0450     0.2365    539.542   81.26826   -9.78580      12950          2  0.000e+00
    100.175    -0.7581    -0.7648   2.754420   2.753584    284.770     0.1172     0.0450     0.2377    539.583   81.26826   -9.78580      12951          2  0.000e+00
    100.278    -0.7593    -0.7638   2.754122   2.753770    284.792     0.1172     0.0450     0.2365    539.625   81.26826   -9.78580      12952          2  0.000e+00
    100.175    -0.7606    -0.7645   2.753892   2.753633    285.031     0.1172     0.0450     0.2354    539.667   81.26826   -9.78580      12953          2  0.000e+00
    100.278    -0.7615    -0.7631   2.753729   2.754158    285.087     0.1172     0.0450     0.2365    539.708   81.26826   -9.78580      12954          2  0.000e+00
    100.227    -0.7622    -0.7608   2.753605   2.754547    285.133     0.1172     0.0450     0.2365    539.750   81.26826   -9.78580      12955          2  0.000e+00
    100.190    -0.7628    -0.7602   2.753515   2.754454    285.131     0.1172     0.0450     0.2354    539.792   81.26826   -9.78580      12956          2  0.000e+00
    100.278    -0.7632    -0.7617   2.753420   2.753726    285.129     0.1172     0.0450     0.2365    539.833   81.26826   -9.78580      12957          2  0.000e+00
    100.175    -0.7640    -0.7651   2.753262   2.752791    285.211     0.1172     0.0376     0.2365    539.875   81.26826   -9.78580      12958          2  0.000e+00
    100.278    -0.7651    -0.7685   2.753093   2.752140    285.258     0.1172     0.0450     0.2365    539.917   81.26826   -9.78580      12959          2  0.000e+00
    100.278    -0.7658    -0.7700   2.752914   2.752337    285.298     0.1172     0.0450     0.2377    539.958   81.26826   -9.78580      12960          2  0.000e+00
    100.227    -0.7671    -0.7666   2.752649   2.753321    285.610     0.1172     0.0450     0.2365    540.000   81.26826   -9.78580      12961          2  0.000e+00
    100.227    -0.7688    -0.7648   2.752138   2.753808    285.433     0.1172     0.0450     0.2365    540.042   81.26826   -9.78580      12962          2  0.000e+00
    100.227    -0.7714    -0.7650   2.751626   2.753874    285.216     0.1172     0.0450     0.2365    540.083   81.26826   -9.78580      12963          2  0.000e+00
    100.227    -0.7726    -0.7657   2.751823   2.753737    285.691     0.1172     0.0450     0.2365    540.125   81.26826   -9.78580      12964          2  0.000e+00
    100.227    -0.7711    -0.7672   2.752357   2.753135    285.455     0.1172     0.0450     0.2365    540.167   81.26826   -9.78580      12965          2  0.000e+00
    100.278    -0.7700    -0.7711   2.752610   2.752178    285.458     0.1160     0.0450     0.2365    540.208   81.26826   -9.78580      12966          2  0.000e+00
    100.227    -0.7693    -0.7741   2.752717   2.751785    285.460     0.1160     0.0450     0.2365    540.250   81.26826   -9.78580      12967          2  0.000e+00
    100.175    -0.7686    -0.7757   2.752835   2.751779    285.687     0.1160     0.0450     0.2365    540.292   81.26826   -9.78580      12968          2  0.000e+00
    100.278    -0.7684    -0.7763   2.752947   2.752386    285.690     0.1160     0.0450     0.2365    540.333   81.26826   -9.78580      12969          2  0.000e+00
    100.227    -0.7678    -0.7714   2.753099   2.753316    285.407     0.1160     0.0450     0.2365    540.375   81.26826   -9.78580      12970          2  0.000e+00
    100.227    -0.7667    -0.7660   2.753211   2.754290    285.076     0.1160     0.0450     0.2365    540.417   81.26826   -9.78580      12971          2  0.000e+00
    100.227    -0.7659    -0.7613   2.753358   2.754990    285.288     0.1160     0.0376     0.2365    540.458   81.26826   -9.78580      12972          2  0.000e+00
    100.242    -0.7658    -0.7577   2.753414   2.755340    285.325     0.1160     0.0376     0.2365    540.500   81.26826   -9.78580      12973          2  0.000e+00
