template/proc/Sta0001.ros
* Sea-Bird SBE 9 Data File:
* FileName = C:\Seabird\CTDDATA\Sta0001.hdr
* Software Version Seasave V 7.26.7.107
* Temperature SN = 5884
* Conductivity SN = 2860
* Number of Bytes Per Scan = 44
* Number of Voltage Words = 5
* Number of Scans Averaged by the Deck Unit = 1
* NMEA Latitude = 81 16.09 N
* NMEA Longitude = 009 47.15 W
* NMEA UTC (Time) = Jan 01 2000 06:43:32
* NMEA baud rate = 9600
** Ship name [platform code]: Kronprins Haakon [9566] ""
** Station: 0001
** Cruise: 2000xxxxxx
** Echodepth [m]: 151
** Log [Nm]: 1637.09
** Wind-Dir [deg T] Force [m/s]: 20 05
** Airtemp (dry) [degC]: 1.1
** Air pressure [mBar]: 1014.9
** CTD-snr, rosette-snr, deckunit-snr: 09-1346, 32-1222, 11-1121
** Moonpool(M)/Skuteside(S): S
** Cruise name: TEST 2000
# nquan = 15
# nvalues = 343                                   
# units = specified
# name 0 = prDM: Pressure, Digiquartz [db]
# name 1 = t090C: Temperature [ITS-90, deg C]
# name 2 = t190C: Temperature, 2 [ITS-90, deg C]
# name 3 = c0S/m: Conductivity [S/m]
# name 4 = c1S/m: Conductivity, 2 [S/m]
# name 5 = sbox0Mm/Kg: Oxygen, SBE 43 [umol/kg]
# name 6 = wetCDOM: Fluorescence, WET Labs CDOM [mg/m^3]
# name 7 = flECO-AFL: Fluorescence, WET Labs ECO-AFL/FL [mg/m^3]
# name 8 = CStarAt0: Beam Attenuation, WET Labs C-Star [1/m]
# name 9 = timeS: Time, Elapsed [seconds]
# name 10 = latitude: Latitude [deg]
# name 11 = longitude: Longitude [deg]
# name 12 = scan: Scan Count
# name 13 = nbf: Bottles Fired
# name 14 = flag:  0.000e+00
# interval = seconds: 0.0416667
# start_time = Jan 01 2000 06:43:32 [NMEA time, header]
# bad_flag = -9.990e-29
*END*
[from data line 193]
     50.499    -1.5852    -1.5866   2.501243   2.500309    354.569     0.1258     0.2281     0.2255    613.167   81.26826   -9.78582      14717          4  0.000e+00
     50.499    -1.5856    -1.5866   2.501107   2.500278    354.456     0.1258     0.2281     0.2255    613.208   81.26826   -9.78582      14718          4  0.000e+00
     50.499    -1.5853    -1.5867   2.501080   2.500283    354.291     0.1258     0.2281     0.2244    613.250   81.26826   -9.78582      14719          4  0.000e+00
     24.490    -1.4778    -1.4374   2.441512   2.439482    384.908     0.1123     0.4699     0.2631    658.083   81.26826   -9.78582      15795          5  0.000e+00
     24.505    -1.4779    -1.4368   2.441485   2.439414    384.825     0.1123     0.4772     0.2643    658.125   81.26826   -9.78582      15796          5  0.000e+00
     24.490    -1.4779    -1.4344   2.441426   2.439251    385.068     0.1123     0.4772     0.2631    658.167   81.26826   -9.78582      15797          5  0.000e+00
     24.453    -1.4781    -1.4337   2.441372   2.439147    384.791     0.1123     0.4772     0.2643    658.208   81.26826   -9.78582      15798          5  0.000e+00
     24.542    -1.4776    -1.4335   2.441361   2.439204    384.749     0.1123     0.4772     0.2631    658.250   81.26826   -9.78582      15799          5  0.000e+00
     24.431    -1.4773    -1.4353   2.441302   2.439377    384.701     0.1123     0.4845     0.2643    658.292   81.26826   -9.78582      15800          5  0.000e+00
     24.564    -1.4762    -1.4382   2.441195   2.439477    384.991     0.1123     0.4772     0.2643    658.333   81.26826   -9.78582      15801          5  0.000e+00
     24.431    -1.4737    -1.4372   2.440947   2.439445    385.023     0.1123     0.4772     0.2643    658.375   81.26826   -9.78582      15802          5  0.000e+00
     24.542    -1.4695    -1.4350   2.440678   2.439367    384.724     0.1123     0.4772     0.2643    658.417   81.26826   -9.78582      15803          5  0.000e+00
     24.505    -1.4640    -1.4335   2.440468   2.439241    384.310     0.1123     0.4772     0.2643    658.458   81.26826   -9.78582      15804          5  0.000e+00
     24.490    -1.4613    -1.4311   2.440441   2.439162    384.149     0.1123     0.4772     0.2643    658.500   81.26826   -9.78582      15805          5  0.000e+00
     24.505    -1.4599    -1.4298   2.440371   2.439157    384.333     0.1123     0.4772     0.2643    658.542   81.26826   -9.78582      15806          5  0.000e+00
     24.542    -1.4586    -1.4298   2.440258   2.439241    384.285     0.1123     0.4772     0.2631    658.583   81.26826   -9.78582      15807          5  0.000e+00
     24.490    -1.4534    -1.4337   2.439919   2.439445    383.926     0.1123     0.4772     0.2643    658.625   81.26826   -9.78582      15808          5  0.000e+00
     24.505    -1.4471    -1.4397   2.439606   2.439644    384.079     0.1123     0.4772     0.2643    658.667   81.26826   -9.78582      15809          5  0.000e+00
     24.490    -1.4415    -1.4437   2.439386   2.439775    384.045     0.1123     0.4772     0.2631    658.708   81.26826   -9.78582      15810          5  0.000e+00
     24.542    -1.4399    -1.4435   2.439466   2.439754    384.040     0.1123     0.4772     0.2631    658.750   81.26826   -9.78582      15811          5  0.000e+00
     24.505    -1.4422    -1.4419   2.439687   2.439712    384.342     0.1123     0.4772     0.2631    658.792   81.26826   -9.78582      15812          5  0.000e+00
     24.490    -1.4451    -1.4411   2.439822   2.439608    384.138     0.1123     0.4845     0.2631    658.833   81.26826   -9.78582      15813          5  0.000e+00
     24.505    -1.4468    -1.4386   2.439865   2.439513    384.166     0.1123     0.4772     0.2631    658.875   81.26826   -9.78582      15814          5  0.000e+00
     24.542    -1.4476    -1.4359   2.439832   2.439330    383.909     0.1123     0.4772     0.2631    658.917   81.26826   -9.78582      15815          5  0.000e+00
     24.542    -1.4473    -1.4337   2.439822   2.439236    384.162     0.1123     0.4772     0.2643    658.958   81.26826   -9.78582      15816          5  0.000e+00
     24.505    -1.4462    -1.4315   2.439692   2.439178    383.895     0.1123     0.4772     0.2631    659.000   81.26826   -9.78582      15817          5  0.000e+00
     24.490    -1.4432    -1.4287   2.439440   2.439099    383.857     0.1123     0.4772     0.2631    659.042   81.26826   -9.78582      15818          5  0.000e+00
     24.541    -1.4391    -1.4251   2.439240   2.438995    384.096     0.1123     0.4772     0.2631    659.083   81.26826   -9.78582      15819          5  0.000e+00
     24.505    -1.4361    -1.4242   2.439143   2.438968    384.384     0.1123     0.4772     0.2631    659.125   81.26826   -9.78582      15820          5  0.000e+00
     24.541    -1.4338    -1.4232   2.439073   2.438921    384.164     0.1123     0.4772     0.2631    659.167   81.26826   -9.78582      15821          5  0.000e+00
     24.453    -1.4322    -1.4218   2.439036   2.438785    384.179     0.1123     0.4845     0.2643    659.208   81.26826   -9.78582      15822          5  0.000e+00
     24.541    -1.4305    -1.4196   2.438977   2.438686    383.924     0.1123     0.4992     0.2631    659.250   81.26826   -9.78582      15823          5  0.000e+00
     24.541    -1.4293    -1.4167   2.438939   2.438565    384.472     0.1123     0.4992     0.2631    659.292   81.26826   -9.78582      15824          5  0.000e+00
     24.505    -1.4281    -1.4154   2.438896   2.438507    384.215     0.1123     0.4992     0.2631    659.333   81.26826   -9.78582      15825          5  0.000e+00
     24.490    -1.4272    -1.4139   2.438869   2.438471    384.198     0.1123     0.4992     0.2631    659.375   81.26826   -9.78582      15826          5  0.000e+00
     24.563    -1.4266    -1.4140   2.438880   2.438513    384.468     0.1123     0.4992     0.2631    659.417   81.26826   -9.78582      15827          5  0.000e+00
     24.490    -1.4265    -1.4167   2.438885   2.438581    384.264     0.1123     0.4992     0.2631    659.458   81.26826   -9.78582      15828          5  0.000e+00
     24.541    -1.4260    -1.4160   2.438885   2.438528    384.301     0.1123     0.4992     0.2643    659.500   81.26826   -9.78582      15829          5  0.000e+00
     24.505    -1.4259    -1.4141   2.438917   2.438460    384.337     0.1123     0.4992     0.2665    659.542   81.26826   -9.78582      15830          5  0.000e+00
     24.541    -1.4273    -1.4118   2.438966   2.438403    384.627     0.1123     0.4992     0.2665    659.583   81.26826   -9.78582      15831          5  0.000e+00
     24.490    -1.4278    -1.4105   2.439036   2.438340    384.664     0.1123     0.4992     0.2676    659.625   81.26826   -9.78582      15832          5  0.000e+00
     24.563    -1.4270    -1.4101   2.438982   2.438350    384.370     0.1123     0.4992     0.2665    659.667   81.26826   -9.78582      15833          5  0.000e+00
     24.490    -1.4261    -1.4092   2.438923   2.438324    384.582     0.1123     0.4992     0.2676    659.708   81.26826   -9.78582      15834          5  0.000e+00
     24.505    -1.4260    -1.4092   2.438944   2.438324    384.660     0.1123     0.4992     0.2676    659.750   81.26826   -9.78582      15835          5  0.000e+00
     24.541    -1.4258    -1.4092   2.439009   2.438282    384.688     0.1123     0.4992     0.2665    659.792   81.26826   -9.78582      15836          5  0.000e+00
     24.541    -1.4263    -1.4092   2.439100   2.438298    384.436     0.1123     0.4992     0.2665    659.833   81.26826   -9.78582      15837          5  0.000e+00
     24.505    -1.4256    -1.4089   2.439160   2.438293    384.408     0.1123     0.4992     0.2665    659.875   81.26826   -9.78582      15838          5  0.000e+00
     24.541    -1.4269    -1.4090   2.439299   2.438287    384.446     0.1123     0.5065     0.2665    659.917   81.26826   -9.78582      15839          5  0.000e+00
     24.490    -1.4296    -1.4089   2.439375   2.438319    384.498     0.1123     0.4992     0.2665    659.958   81.26826   -9.78582      15840          5  0.000e+00
     24.563    -1.4298    -1.4089   2.439353   2.438282    384.539     0.1123     0.4992     0.2676    660.000   81.26826   -9.78582      15841          5  0.000e+00
     24.541    -1.4284    -1.4089   2.439192   2.438329    384.802     0.1123     0.4992     0.2665    660.042   81.26826   -9.78582      15842          5  0.000e+00
     24.505    -1.4255    -1.4090   2.439041   2.438324    384.862     0.1123     0.4992     0.2665    660.083   81.26826   -9.78582      15843          5  0.000e+00
     15.469    -1.3945    -1.3876   2.437166   2.436505    383.978     0.1111     0.5138     0.2821    684.083   81.26826   -9.78582      16419          6  0.000e+00
     15.499    -1.3942    -1.3880   2.437166   2.436609    383.929     0.1111     0.5138     0.2810    684.125   81.26826   -9.78582      16420          6  0.000e+00
     15.440    -1.3944    -1.3888   2.437161   2.436672    384.163     0.1111     0.5138     0.2810    684.167   81.26826   -9.78582      16421          6  0.000e+00
     15.499    -1.3944    -1.3896   2.437139   2.436688    384.167     0.1111     0.5138     0.2821    684.208   81.26826   -9.78582      16422          6  0.000e+00
     15.440    -1.3945    -1.3899   2.437161   2.436740    384.445     0.1111     0.5138     0.2810    684.250   81.26826   -9.78582      16423          6  0.000e+00
     15.469    -1.3947    -1.3909   2.437139   2.436740    384.212     0.1111     0.5138     0.2821    684.292   81.26826   -9.78582      16424          6  0.000e+00
     15.440    -1.3944    -1.3911   2.437150   2.436772    384.206     0.1111     0.5065     0.2810    684.333   81.26826   -9.78582      16425          6  0.000e+00
     15.499    -1.3942    -1.3914   2.437123   2.436787    384.488     0.1111     0.5065     0.2810    684.375   81.26826   -9.78582      16426          6  0.000e+00
     15.440    -1.3937    -1.3914   2.437016   2.436693    383.731     0.1111     0.5065     0.2810    684.417   81.26826   -9.78582      16427          6  0.000e+00
     15.499    -1.3935    -1.3909   2.436973   2.436698    384.206     0.1111     0.5065     0.2810    684.458   81.26826   -9.78582      16428          6  0.000e+00
     15.440    -1.3929    -1.3902   2.436967   2.436672    384.200     0.1111     0.5065     0.2821    684.500   81.26826   -9.78582      16429          6  0.000e+00
     15.469    -1.3929    -1.3900   2.437037   2.436588    383.638     0.1111     0.5065     0.2810    684.542   81.26826   -9.78582      16430          6  0.000e+00
     15.499    -1.3932    -1.3896   2.437080   2.436604    383.883     0.1111     0.5065     0.2810    684.583   81.26826   -9.78582      16431          6  0.000e+00
     15.440    -1.3935    -1.3897   2.437069   2.436541    384.176     0.1111     0.5065     0.2821    684.625   81.26826   -9.78582      16432          6  0.000e+00
     15.440    -1.3941    -1.3894   2.437096   2.436536    384.192     0.1111     0.5065     0.2810    684.667   81.26826   -9.78582      16433          6  0.000e+00
     15.499    -1.3941    -1.3891   2.437112   2.436510    384.487     0.1111     0.5065     0.2821    684.708   81.26826   -9.78582      16434          6  0.000e+00
     15.499    -1.3937    -1.3890   2.437080   2.436494    384.260     0.1111     0.5065     0.2821    684.750   81.26826   -9.78582      16435          6  0.000e+00
     15.469    -1.3939    -1.3887   2.437064   2.436457    383.611     0.1111     0.5065     0.2798    684.792   81.26826   -9.78582      16436          6  0.000e+00
     15.440    -1.3936    -1.3886   2.437042   2.436463    384.136     0.1111     0.5065     0.2787    684.833   81.26826   -9.78582      16437          6  0.000e+00
     15.440    -1.3935    -1.3883   2.437037   2.436431    384.242     0.1111     0.5065     0.2776    684.875   81.26826   -9.78582      16438          6  0.000e+00
     15.499    -1.3930    -1.3882   2.436983   2.436457    383.745     0.1111     0.5065     0.2776    684.917   81.26826   -9.78582      16439          6  0.000e+00
     15.440    -1.3927    -1.3879   2.436967   2.436431    384.231     0.1111     0.5065     0.2776    684.958   81.26826   -9.78582      16440          6  0.000e+00
     15.469    -1.3926    -1.3878   2.436946   2.436405    384.583     0.1111     0.5065     0.2776    685.000   81.26826   -9.78582      16441          6  0.000e+00
     15.499    -1.3929    -1.3877   2.437010   2.436400    384.651     0.1111     0.5065     0.2776    685.042   81.26826   -9.78582      16442          6  0.000e+00
     15.440    -1.3932    -1.3874   2.437069   2.436379    384.151     0.1111     0.5065     0.2776    685.083   81.26826   -9.78582      16443          6  0.000e+00
     15.499    -1.3930    -1.3872   2.437102   2.436426    383.846     0.1111     0.5065     0.2776    685.125   81.26826   -9.78582      16444          6  0.000e+00
     15.499    -1.3935    -1.3880   2.437112   2.436499    384.248     0.1111     0.5065     0.2776    685.167   81.26826   -9.78582      16445          6  0.000e+00
     15.440    -1.3932    -1.3887   2.437096   2.436552    383.983     0.1111     0.5065     0.2776    685.208   81.26826   -9.78582      16446          6  0.000e+00
     15.469    -1.3932    -1.3891   2.437048   2.436547    384.011     0.1111     0.5065     0.2776    685.250   81.26826   -9.78582      16447          6  0.000e+00
     15.499    -1.3930    -1.3891   2.437021   2.436541    384.275     0.1111     0.5065     0.2787    685.292   81.26826   -9.78582      16448          6  0.000e+00
     15.440    -1.3926    -1.3888   2.436994   2.436468    384.625     0.1111     0.5065     0.2776    685.333   81.26826   -9.78582      16449          6  0.000e+00
     15.499    -1.3924    -1.3885   2.436973   2.436368    384.419     0.1111     0.5138     0.2776    685.375   81.26826   -9.78582      16450          6  0.000e+00
     15.440    -1.3921    -1.3882   2.436913   2.436279    384.162     0.1111     0.5285     0.2776    685.417   81.26826   -9.78582      16451          6  0.000e+00
     15.469    -1.3919    -1.3874   2.436929   2.436164    384.144     0.1111     0.5431     0.2776    685.458   81.26826   -9.78582      16452          6  0.000e+00
     15.498    -1.3915    -1.3863   2.436908   2.436133    384.360     0.1111     0.5358     0.2776    685.500   81.26826   -9.78582      16453          6  0.000e+00
     15.440    -1.3912    -1.3856   2.436876   2.436112    384.618     0.1111     0.5358     0.2787    685.542   81.26826   -9.78582      16454          6  0.000e+00
     15.498    -1.3912    -1.3850   2.436833   2.436070    384.412     0.1111     0.5358     0.2787    685.583   81.26826   -9.78582      16455          6  0.000e+00
     15.498    -1.3909    -1.3850   2.436822   2.436096    384.202     0.1111     0.5358     0.2787    685.625   81.26826   -9.78582      16456          6  0.000e+00
     15.440    -1.3908    -1.3845   2.436843   2.436091    384.131     0.1111     0.5358     0.2787    685.667   81.26826   -9.78582      16457          6  0.000e+00
     15.469    -1.3908    -1.3845   2.436811   2.436065    384.350     0.1111     0.5358     0.2787    685.708   81.26826   -9.78582      16458          6  0.000e+00
     15.498    -1.3901    -1.3846   2.436725   2.436096    384.377     0.1111     0.5358     0.2776    685.750   81.26826   -9.78582      16459          6  0.000e+00
     15.440    -1.3902    -1.3848   2.436704   2.436049    383.791     0.1111     0.5358     0.2776    685.792   81.26826   -9.78582      16460          6  0.000e+00
     15.498    -1.3900    -1.3851   2.436704   2.436018    383.963     0.1111     0.5358     0.2776    685.833   81.26826   -9.78582      16461          6  0.000e+00
     15.498    -1.3898    -1.3848   2.436720   2.436086    383.662     0.1111     0.5358     0.2776    685.875   81.26826   -9.78582      16462          6  0.000e+00
