template/proc/Sta0001.ros
* Sea-Bird SBE 9 Data File:
* FileName = C:\Seabird\CTDDATA\Sta0001.hdr
* Software Version Seasave V 7.26.7.107
* Temperature SN = 5884
* Conductivity SN = 2860
* Number of Bytes Per Scan = 44
* Number of Voltage Words = 5
* Number of Scans Averaged by the Deck Unit = 1
* NMEA Latitude = 81 16.09 N
* NMEA Longitude = 009 47.15 W
* NMEA UTC (Time) = Jan 01 2000 06:43:32
* NMEA baud rate = 9600
** Ship name [platform code]: Kronprins Haakon [9566] ""
** Station: 0001
** Cruise: 2000xxxxxx
** Echodepth [m]: 151
** Log [Nm]: 1637.09
** Wind-Dir [deg T] Force [m/s]: 20 05
** Airtemp (dry) [degC]: 1.1
** Air pressure [mBar]: 1014.9
** CTD-snr, rosette-snr, deckunit-snr: 09-1346, 32-1222, 11-1121
** Moonpool(M)/Skuteside(S): S
** Cruise name: TEST 2000
# nquan = 15
# nvalues = 343                                   
# units = specified
# name 0 = prDM: Pressure, Digiquartz [db]
# name 1 = t090C: Temperature [ITS-90, deg C]
# name 2 = t190C: Temperature, 2 [ITS-90, deg C]
# name 3 = c0S/m: Conductivity [S/m]
# name 4 = c1S/m: Conductivity, 2 [S/m]
# name 5 = sbox0Mm/Kg: Oxygen, SBE 43 [umol/kg]
# name 6 = wetCDOM: Fluorescence, WET Labs CDOM [mg/m^3]
# name 7 = flECO-AFL: Fluorescence, WET Labs ECO-AFL/FL [mg/m^3]
# name 8 = CStarAt0: Beam Attenuation, WET Labs C-Star [1/m]
# name 9 = timeS: Time, Elapsed [seconds]
# name 10 = latitude: Latitude [deg]
# name 11 = longitude: Longitude [deg]
# name 12 = scan: Scan Count
# name 13 = nbf: Bottles Fired
# name 14 = flag:  0.000e+00
# interval = seconds: 0.0416667
# start_time = Jan 01 2000 06:43:32 [NMEA time, header]
# bad_flag = -9.990e-29
*END*
[from data line 97]
    100.278    -0.7661    -0.7543   2.753301   2.755701    285.044     0.1160     0.0376     0.2365    540.583   81.26826   -9.78580      12975          2  0.000e+00
     74.729    -1.4008    -1.3922   2.637036   2.639330    291.224     0.1245     0.0743     0.2123    576.917   81.26826   -9.78582      13847          3  0.000e+00
     74.744    -1.4010    -1.3890   2.636920   2.639928    291.184     0.1245     0.0743     0.2123    576.958   81.26826   -9.78582      13848          3  0.000e+00
     74.670    -1.4008    -1.3861   2.636837   2.641135    291.153     0.1245     0.0743     0.2134    577.000   81.26826   -9.78582      13849          3  0.000e+00
     74.744    -1.4008    -1.3821   2.636798   2.642057    291.146     0.1245     0.0743     0.2123    577.042   81.26826   -9.78582      13850          3  0.000e+00
     74.729    -1.4009    -1.3795   2.636676   2.642838    291.155     0.1245     0.0743     0.2123    577.083   81.26826   -9.78582      13851          3  0.000e+00
     74.744    -1.4013    -1.3767   2.636527   2.643501    291.138     0.1245     0.0743     0.2123    577.125   81.26826   -9.78582      13852          3  0.000e+00
     74.729    -1.4016    -1.3754   2.636521   2.644062    291.131     0.1245     0.0743     0.2123    577.167   81.26826   -9.78582      13853          3  0.000e+00
     74.744    -1.4015    -1.3686   2.636765   2.646175    291.081     0.1245     0.0743     0.2123    577.208   81.26826   -9.78582      13854          3  0.000e+00
     74.839    -1.3996    -1.3630   2.637816   2.647281    290.732     0.1245     0.0743     0.2123    577.250   81.26826   -9.78582      13855          3  0.000e+00
     74.802    -1.3904    -1.3631   2.640601   2.646693    290.574     0.1245     0.0816     0.2123    577.292   81.26826   -9.78582      13856          3  0.000e+00
     74.839    -1.3848    -1.3664   2.641603   2.645404    290.466     0.1245     0.0743     0.2123    577.333   81.26826   -9.78582      13857          3  0.000e+00
     74.802    -1.3838    -1.3696   2.641648   2.644736    290.478     0.1245     0.0743     0.2123    577.375   81.26826   -9.78582      13858          3  0.000e+00
     74.839    -1.3830    -1.3699   2.641603   2.645113    290.514     0.1245     0.0816     0.2123    577.417   81.26826   -9.78582      13859          3  0.000e+00
     74.802    -1.3849    -1.3682   2.641055   2.646078    290.041     0.1245     0.0743     0.2123    577.458   81.26826   -9.78582      13860          3  0.000e+00
     74.891    -1.3849    -1.3650   2.641526   2.647362    290.015     0.1245     0.0743     0.2123    577.500   81.26826   -9.78582      13861          3  0.000e+00
     74.854    -1.3817    -1.3630   2.642966   2.648068    290.231     0.1245     0.0743     0.2123    577.542   81.26826   -9.78582      13862          3  0.000e+00
     74.839    -1.3777    -1.3622   2.645110   2.648074    289.884     0.1245     0.0743     0.2123    577.583   81.26826   -9.78582      13863          3  0.000e+00
     74.854    -1.3715    -1.3627   2.647504   2.648036    289.766     0.1245     0.0743     0.2123    577.625   81.26826   -9.78582      13864          3  0.000e+00
     74.780    -1.3653    -1.3599   2.649577   2.649444    289.674     0.1245     0.0743     0.2123    577.667   81.26826   -9.78582      13865          3  0.000e+00
     74.802    -1.3597    -1.3543   2.650675   2.651434    289.641     0.1245     0.0743     0.2123    577.708   81.26826   -9.78582      13866          3  0.000e+00
     74.780    -1.3576    -1.3493   2.650514   2.653151    289.360     0.1245     0.0743     0.2123    577.750   81.26826   -9.78582      13867          3  0.000e+00
     74.802    -1.3571    -1.3456   2.649893   2.653820    289.356     0.1245     0.0743     0.2123    577.792   81.26826   -9.78582      13868          3  0.000e+00
     74.839    -1.3581    -1.3459   2.649483   2.653156    289.049     0.1245     0.0743     0.2134    577.833   81.26826   -9.78582      13869          3  0.000e+00
     74.802    -1.3591    -1.3482   2.649228   2.651845    289.034     0.1245     0.0743     0.2134    577.875   81.26826   -9.78582      13870          3  0.000e+00
     74.729    -1.3609    -1.3527   2.649056   2.650647    289.040     0.1245     0.0743     0.2123    577.917   81.26826   -9.78582      13871          3  0.000e+00
     74.802    -1.3614    -1.3551   2.649056   2.650636    288.734     0.1245     0.0743     0.2123    577.958   81.26826   -9.78582      13872          3  0.000e+00
     74.780    -1.3618    -1.3547   2.649050   2.650782    288.954     0.1245     0.0743     0.2134    578.000   81.26826   -9.78582      13873          3  0.000e+00
     74.854    -1.3622    -1.3574   2.648584   2.649800    288.750     0.1245     0.0743     0.2123    578.042   81.26826   -9.78582      13874          3  0.000e+00
     74.839    -1.3639    -1.3621   2.647243   2.648332    288.737     0.1245     0.0743     0.2123    578.083   81.26826   -9.78582      13875          3  0.000e+00
     74.802    -1.3674    -1.3657   2.645702   2.647437    288.482     0.1245     0.0743     0.2123    578.125   81.26826   -9.78582      13876          3  0.000e+00
     74.839    -1.3708    -1.3677   2.644888   2.646785    288.737     0.1245     0.0743     0.2123    578.167   81.26826   -9.78582      13877          3  0.000e+00
     74.854    -1.3729    -1.3697   2.644644   2.645992    288.752     0.1245     0.0743     0.2123    578.208   81.26826   -9.78582      13878          3  0.000e+00
     74.780    -1.3745    -1.3723   2.644384   2.645361    288.456     0.1245     0.0743     0.2123    578.250   81.26826   -9.78582      13879          3  0.000e+00
     74.854    -1.3761    -1.3738   2.643758   2.645081    288.704     0.1245     0.0743     0.2123    578.292   81.26826   -9.78582      13880          3  0.000e+00
     74.854    -1.3783    -1.3748   2.642694   2.644865    288.523     0.1245     0.0743     0.2123    578.333   81.26826   -9.78582      13881          3  0.000e+00
     74.780    -1.3816    -1.3752   2.641348   2.644887    288.282     0.1245     0.0743     0.2123    578.375   81.26826   -9.78582      13882          3  0.000e+00
     74.854    -1.3850    -1.3751   2.640396   2.645178    288.288     0.1245     0.0816     0.2134    578.417   81.26826   -9.78582      13883          3  0.000e+00
     74.780    -1.3877    -1.3754   2.639909   2.644957    288.291     0.1245     0.0743     0.2123    578.458   81.26826   -9.78582      13884          3  0.000e+00
     74.802    -1.3900    -1.3758   2.639793   2.644606    288.025     0.1245     0.0816     0.2123    578.500   81.26826   -9.78582      13885          3  0.000e+00
     74.839    -1.3907    -1.3762   2.639865   2.644795    288.000     0.1245     0.0743     0.2123    578.542   81.26826   -9.78582      13886          3  0.000e+00
     74.802    -1.3906    -1.3758   2.640136   2.645577    287.984     0.1245     0.0743     0.2123    578.583   81.26826   -9.78582      13887          3  0.000e+00
     74.780    -1.3900    -1.3741   2.640485   2.646634    287.986     0.1245     0.0743     0.2123    578.625   81.26826   -9.78582      13888          3  0.000e+00
     74.854    -1.3890    -1.3697   2.640762   2.647734    287.688     0.1233     0.0669     0.2134    578.667   81.26826   -9.78582      13889          3  0.000e+00
     74.780    -1.3880    -1.3662   2.640922   2.648365    287.596     0.1245     0.0669     0.2134    578.708   81.26826   -9.78582      13890          3  0.000e+00
     74.802    -1.3875    -1.3648   2.640767   2.648165    287.541     0.1245     0.0669     0.2134    578.750   81.26826   -9.78582      13891          3  0.000e+00
     74.839    -1.3876    -1.3653   2.640551   2.647556    287.561     0.1245     0.0743     0.2134    578.792   81.26826   -9.78582      13892          3  0.000e+00
     74.854    -1.3880    -1.3668   2.640230   2.646914    287.561     0.1245     0.0743     0.2134    578.833   81.26826   -9.78582      13893          3  0.000e+00
     74.839    -1.3890    -1.3696   2.639737   2.646386    287.589     0.1245     0.0669     0.2134    578.875   81.26826   -9.78582      13894          3  0.000e+00
     74.802    -1.3890    -1.3714   2.639953   2.645631    287.840     0.1233     0.0743     0.2134    578.917   81.26826   -9.78582      13895          3  0.000e+00
     50.500    -1.5784    -1.5837   2.507360   2.502947    354.203     0.1245     0.1841     0.2266    611.250   81.26826   -9.78582      14671          4  0.000e+00
     50.500    -1.5789    -1.5840   2.506746   2.502756    354.523     0.1245     0.1988     0.2266    611.292   81.26826   -9.78582      14672          4  0.000e+00
     50.448    -1.5789    -1.5845   2.506496   2.502539    354.856     0.1245     0.1988     0.2266    611.333   81.26826   -9.78582      14673          4  0.000e+00
     50.500    -1.5795    -1.5846   2.506474   2.502185    355.174     0.1245     0.1988     0.2266    611.375   81.26826   -9.78582      14674          4  0.000e+00
     50.500    -1.5795    -1.5852   2.506425   2.502270    355.186     0.1245     0.1988     0.2266    611.417   81.26826   -9.78582      14675          4  0.000e+00
     50.500    -1.5798    -1.5850   2.506333   2.502465    355.469     0.1245     0.1988     0.2266    611.458   81.26826   -9.78582      14676          4  0.000e+00
     50.500    -1.5802    -1.5852   2.506311   2.502286    355.499     0.1245     0.1988     0.2266    611.500   81.26826   -9.78582      14677          4  0.000e+00
     50.500    -1.5802    -1.5851   2.506328   2.502228    355.510     0.1245     0.1988     0.2255    611.542   81.26826   -9.78582      14678          4  0.000e+00
     50.500    -1.5805    -1.5850   2.506181   2.502439    356.034     0.1245     0.1988     0.2244    611.583   81.26826   -9.78582      14679          4  0.000e+00
     50.500    -1.5810    -1.5847   2.506023   2.503153    356.308     0.1245     0.1988     0.2244    611.625   81.26826   -9.78582      14680          4  0.000e+00
     50.500    -1.5810    -1.5826   2.506007   2.504670    356.318     0.1245     0.1988     0.2244    611.667   81.26826   -9.78582      14681          4  0.000e+00
     50.500    -1.5812    -1.5802   2.506034   2.505955    355.981     0.1245     0.1988     0.2244    611.708   81.26826   -9.78582      14682          4  0.000e+00
     50.448    -1.5810    -1.5791   2.505985   2.506182    356.195     0.1245     0.1988     0.2244    611.750   81.26826   -9.78582      14683          4  0.000e+00
     50.500    -1.5814    -1.5797   2.505839   2.505606    356.409     0.1245     0.1988     0.2244    611.792   81.26826   -9.78582      14684          4  0.000e+00
     50.500    -1.5816    -1.5803   2.505643   2.504681    356.323     0.1245     0.1988     0.2244    611.833   81.26826   -9.78582      14685          4  0.000e+00
     50.500    -1.5816    -1.5815   2.505730   2.504236    356.492     0.1245     0.1988     0.2244    611.875   81.26826   -9.78582      14686          4  0.000e+00
     50.500    -1.5813    -1.5821   2.505898   2.504184    356.641     0.1245     0.1988     0.2244    611.917   81.26826   -9.78582      14687          4  0.000e+00
     50.500    -1.5802    -1.5832   2.506382   2.503835    356.519     0.1233     0.1988     0.2244    611.958   81.26826   -9.78582      14688          4  0.000e+00
     50.500    -1.5794    -1.5835   2.507154   2.504020    356.656     0.1233     0.1988     0.2244    612.000   81.26826   -9.78582      14689          4  0.000e+00
     50.500    -1.5782    -1.5826   2.507561   2.504411    356.508     0.1233     0.1988     0.2244    612.042   81.26826   -9.78582      14690          4  0.000e+00
     50.500    -1.5787    -1.5834   2.507056   2.503829    356.677     0.1233     0.1988     0.2244    612.083   81.26826   -9.78582      14691          4  0.000e+00
     50.500    -1.5795    -1.5846   2.505877   2.502761    356.626     0.1233     0.1988     0.2244    612.125   81.26826   -9.78582      14692          4  0.000e+00
     50.500    -1.5799    -1.5855   2.505311   2.502000    356.488     0.1233     0.1988     0.2244    612.167   81.26826   -9.78582      14693          4  0.000e+00
     50.500    -1.5795    -1.5857   2.505431   2.501583    356.586     0.1233     0.1988     0.2244    612.208   81.26826   -9.78582      14694          4  0.000e+00
     50.500    -1.5795    -1.5859   2.505426   2.501313    356.445     0.1233     0.1988     0.2244    612.250   81.26826   -9.78582      14695          4  0.000e+00
     50.448    -1.5801    -1.5863   2.505018   2.501102    356.313     0.1233     0.1988     0.2244    612.292   81.26826   -9.78582      14696          4  0.000e+00
     50.499    -1.5804    -1.5862   2.504486   2.500943    356.414     0.1233     0.2061     0.2255    612.333   81.26826   -9.78582      14697          4  0.000e+00
     50.499    -1.5813    -1.5866   2.503948   2.500869    356.605     0.1233     0.2208     0.2255    612.375   81.26826   -9.78582      14698          4  0.000e+00
     50.551    -1.5816    -1.5866   2.503665   2.500780    356.207     0.1233     0.2281     0.2255    612.417   81.26826   -9.78582      14699          4  0.000e+00
     50.448    -1.5817    -1.5867   2.503839   2.500684    356.012     0.1233     0.2281     0.2255    612.458   81.26826   -9.78582      14700          4  0.000e+00
     50.551    -1.5817    -1.5864   2.504002   2.500605    355.775     0.1233     0.2281     0.2255    612.500   81.26826   -9.78582      14701          4  0.000e+00
     50.448    -1.5819    -1.5864   2.503709   2.500531    355.874     0.1233     0.2281     0.2255    612.542   81.26826   -9.78582      14702          4  0.000e+00
     50.551    -1.5820    -1.5867   2.503578   2.500473    355.689     0.1233     0.2281     0.2255    612.583   81.26826   -9.78582      14703          4  0.000e+00
     50.499    -1.5822    -1.5866   2.503807   2.500447    355.433     0.1233     0.2281     0.2255    612.625   81.26826   -9.78582      14704          4  0.000e+00
     50.448    -1.5818    -1.5866   2.504067   2.500420    355.169     0.1233     0.2281     0.2244    612.667   81.26826   -9.78582      14705          4  0.000e+00
     50.551    -1.5814    -1.5868   2.504241   2.500378    355.247     0.1233     0.2281     0.2255    612.708   81.26826   -9.78582      14706          4  0.000e+00
     50.499    -1.5814    -1.5867   2.504518   2.500367    355.317     0.1233     0.2281     0.2255    612.750   81.26826   -9.78582      14707          4  0.000e+00
     50.499    -1.5816    -1.5864   2.504708   2.500367    355.159     0.1233     0.2281     0.2255    612.792   81.26826   -9.78582      14708          4  0.000e+00
     50.499    -1.5814    -1.5868   2.504415   2.500367    355.252     0.1233     0.2281     0.2255    612.833   81.26826   -9.78582      14709          4  0.000e+00
     50.499    -1.5817    -1.5866   2.503660   2.500346    354.849     0.1233     0.2281     0.2255    612.875   81.26826   -9.78582      14710          4  0.000e+00
     50.448    -1.5820    -1.5866   2.502932   2.500357    354.632     0.1233     0.2281     0.2244    612.917   81.26826   -9.78582      14711          4  0.000e+00
     50.551    -1.5828    -1.5864   2.502270   2.500309    354.429     0.1233     0.2281     0.2255    612.958   81.26826   -9.78582      14712          4  0.000e+00
     50.499    -1.5837    -1.5865   2.501884   2.500309    354.448     0.1233     0.2281     0.2255    613.000   81.26826   -9.78582      14713          4  0.000e+00
     50.499    -1.5845    -1.5866   2.501612   2.500299    354.515     0.1233     0.2281     0.2255    613.042   81.26826   -9.78582      14714          4  0.000e+00
     50.499    -1.5845    -1.5866   2.501433   2.500272    354.341     0.1245     0.2281     0.2244    613.083   81.26826   -9.78582      14715          4  0.000e+00
