template/proc/Sta0001_bin_cdom.cnv
* Sea-Bird SBE 9 Data File:
* FileName = C:\Seabird\CTDDATA\Sta0001.hdr
* Software Version Seasave V 7.26.7.107
* Temperature SN = 5884
* Conductivity SN = 2860
* Number of Bytes Per Scan = 44
* Number of Voltage Words = 5
* Number of Scans Averaged by the Deck Unit = 1
* NMEA Latitude = 81 16.09 N
* NMEA Longitude = 009 47.15 W
* NMEA UTC (Time) = Jan 01 2000 06:43:32
* NMEA baud rate = 9600
** Ship name [platform code]: Kronprins Haakon [9566] ""
** Station: 0001
** Cruise: 2000xxxxxx
** Echodepth [m]: 151
** Log [Nm]: 1637.09
** Wind-Dir [deg T] Force [m/s]: 20 05
** Airtemp (dry) [degC]: 1.1
** Air pressure [mBar]: 1014.9
** CTD-snr, rosette-snr, deckunit-snr: 09-1346, 32-1222, 11-1121
** Moonpool(M)/Skuteside(S): S
** Cruise name: TEST 2000
# nquan = 15
# nvalues = 150                         
# units = specified
# name 0 = prDM: Pressure, Digiquartz [db]
# name 1 = t090C: Temperature [ITS-90, deg C]
# name 2 = t190C: Temperature, 2 [ITS-90, deg C]
# name 3 = c0S/m: Conductivity [S/m]
# name 4 = c1S/m: Conductivity, 2 [S/m]
# name 5 = sbox0Mm/Kg: Oxygen, SBE 43 [umol/kg]
# name 6 = wetCDOM: Fluorescence, WET Labs CDOM [mg/m^3]
# name 7 = flECO-AFL: Fluorescence, WET Labs ECO-AFL/FL [mg/m^3]
# name 8 = CStarAt0: Beam Attenuation, WET Labs C-Star [1/m]
# name 9 = timeS: Time, Elapsed [seconds]
# name 10 = latitude: Latitude [deg]
# name 11 = longitude: Longitude [deg]
# name 12 = sal00: Salinity, Practical [PSU]
# name 13 = sal11: Salinity, Practical, 2 [PSU]
# name 14 = flag: flag
# span 0 =      2.000,    151.000       
# span 1 =    -1.6120,    -0.4860       
# span 2 =    -1.6118,    -0.4862       
# span 3 =   2.435824,   2.805459       
# span 4 =   2.435775,   2.805309       
# span 5 =    279.619,    385.785       
# span 6 =     0.1102,     0.1235       
# span 7 =     0.0353,     0.4892       
# span 8 =     0.2085,     0.2910       
# span 9 =    269.951,    471.360       
# span 10 =   81.26826,   81.26826      
# span 11 =   -9.78582,   -9.78580      
# span 12 =    30.1148,    34.1478      
# span 13 =    30.1128,    34.1460      
# span 14 = 0.0000e+00, 0.0000e+00      
# interval = decibars: 1                
# start_time = Jan 01 2000 06:43:32 [NMEA time, header]
# bad_flag = -9.990e-29
*END*
      2.000    -1.2987    -1.2944   2.436676   2.436683    383.029     0.1102     0.2186     0.2872    269.951   81.26826   -9.78580    30.1261    30.1219 0.0000e+00
      3.000    -1.2945    -1.3025   2.436816   2.436435    383.488     0.1107     0.2357     0.2893    272.323   81.26826   -9.78580    30.1233    30.1262 0.0000e+00
      4.000    -1.2965    -1.2979   2.436748   2.436637    383.911     0.1108     0.2280     0.2890    274.144   81.26826   -9.78580    30.1237    30.1237 0.0000e+00
      5.000    -1.2884    -1.2893   2.437017   2.436916    383.136     0.1108     0.2281     0.2884    275.718   81.26826   -9.78580    30.1187    30.1182 0.0000e+00
      6.000    -1.2967    -1.2970   2.436717   2.436634    383.707     0.1107     0.2297     0.2883    277.086   81.26826   -9.78580    30.1225    30.1216 0.0000e+00
      7.000    -1.2906    -1.2862   2.437040   2.437095    383.450     0.1106     0.2578     0.2883    278.314   81.26826   -9.78580    30.1201    30.1164 0.0000e+00
      8.000    -1.3030    -1.3020   2.436485   2.436476    383.474     0.1106     0.2786     0.2906    279.383   81.26826   -9.78580    30.1245    30.1234 0.0000e+00
      9.000    -1.2840    -1.2820   2.437223   2.437225    383.637     0.1106     0.2882     0.2910    280.411   81.26826   -9.78580    30.1148    30.1128 0.0000e+00
     10.000    -1.2938    -1.2917   2.437007   2.436972    383.451     0.1106     0.3258     0.2902    281.440   81.26826   -9.78580    30.1211    30.1186 0.0000e+00
     11.000    -1.2919    -1.3032   2.437206   2.436765    383.311     0.1106     0.3369     0.2883    282.464   81.26826   -9.78580    30.1213    30.1268 0.0000e+00
     12.000    -1.3090    -1.3091   2.436859   2.436728    383.488     0.1106     0.3500     0.2871    283.497   81.26826   -9.78580    30.1333    30.1317 0.0000e+00
     13.000    -1.2954    -1.2943   2.437219   2.437169    383.728     0.1107     0.4078     0.2877    285.871   81.26826   -9.78580    30.1239    30.1221 0.0000e+00
     14.000    -1.3232    -1.3166   2.436595   2.436696    383.818     0.1107     0.4420     0.2863    309.811   81.26826   -9.78580    30.1430    30.1377 0.0000e+00
     15.000    -1.3124    -1.3101   2.436897   2.436900    384.235     0.1108     0.3899     0.2886    308.895   81.26826   -9.78580    30.1355    30.1333 0.0000e+00
     16.000    -1.3549    -1.3578   2.435949   2.435852    384.827     0.1108     0.3841     0.2891    309.852   81.26826   -9.78580    30.1651    30.1668 0.0000e+00
     17.000    -1.3765    -1.3766   2.435824   2.435775    384.540     0.1109     0.4200     0.2888    310.828   81.26826   -9.78580    30.1846    30.1841 0.0000e+00
     18.000    -1.3865    -1.3868   2.436643   2.436609    383.342     0.1109     0.4484     0.2864    311.809   81.26826   -9.78580    30.2053    30.2052 0.0000e+00
     19.000    -1.3902    -1.3901   2.437078   2.437014    383.274     0.1109     0.4712     0.2863    312.790   81.26826   -9.78580    30.2144    30.2135 0.0000e+00
     20.000    -1.3909    -1.3907   2.437236   2.437155    384.467     0.1109     0.4873     0.2848    313.770   81.26826   -9.78580    30.2167    30.2154 0.0000e+00
     21.000    -1.3909    -1.3907   2.437337   2.437259    384.068     0.1109     0.4892     0.2816    314.752   81.26826   -9.78580    30.2175    30.2162 0.0000e+00
     22.000    -1.3921    -1.3920   2.437757   2.437667    384.678     0.1109     0.4806     0.2799    315.736   81.26826   -9.78580    30.2239    30.2225 0.0000e+00
     23.000    -1.3962    -1.3962   2.438075   2.438016    384.644     0.1111     0.4668     0.2781    316.727   81.26826   -9.78580    30.2317    30.2310 0.0000e+00
     24.000    -1.4039    -1.4035   2.438432   2.438366    384.684     0.1112     0.4546     0.2785    317.712   81.26826   -9.78580    30.2438    30.2426 0.0000e+00
     25.000    -1.4131    -1.4134   2.438756   2.438679    384.786     0.1115     0.4522     0.2775    318.698   81.26826   -9.78580    30.2571    30.2563 0.0000e+00
     26.000    -1.4255    -1.4256   2.439179   2.439100    384.274     0.1118     0.4813     0.2759    319.684   81.26826   -9.78580    30.2748    30.2739 0.0000e+00
     27.000    -1.4446    -1.4446   2.439890   2.439774    384.259     0.1122     0.4667     0.2766    320.672   81.26826   -9.78580    30.3034    30.3017 0.0000e+00
     28.000    -1.4717    -1.4728   2.440664   2.440595    384.414     0.1126     0.4803     0.2727    321.659   81.26826   -9.78580    30.3409    30.3411 0.0000e+00
     29.000    -1.4851    -1.4895   2.440744   2.440668    384.302     0.1131     0.4749     0.2703    322.641   81.26826   -9.78580    30.3551    30.3585 0.0000e+00
     30.000    -1.4988    -1.4984   2.440799   2.440712    383.976     0.1135     0.4661     0.2701    323.626   81.26826   -9.78580    30.3692    30.3676 0.0000e+00
     31.000    -1.5114    -1.5109   2.440903   2.440839    385.091     0.1139     0.4772     0.2677    324.609   81.26826   -9.78580    30.3829    30.3816 0.0000e+00
     32.000    -1.5508    -1.5520   2.441530   2.441448    385.785     0.1142     0.4760     0.2651    325.597   81.26826   -9.78580    30.4313    30.4313 0.0000e+00
     33.000    -1.5668    -1.5672   2.442525   2.442457    385.491     0.1146     0.4426     0.2629    326.580   81.26826   -9.78580    30.4606    30.4601 0.0000e+00
     34.000    -1.5814    -1.5818   2.443485   2.443427    384.735     0.1149     0.4134     0.2584    327.567   81.26826   -9.78580    30.4882    30.4877 0.0000e+00
     35.000    -1.5887    -1.5887   2.444114   2.444047    384.711     0.1152     0.3523     0.2545    328.560   81.26826   -9.78580    30.5037    30.5027 0.0000e+00
     36.000    -1.5947    -1.5951   2.445028   2.444964    384.126     0.1156     0.3316     0.2519    329.557   81.26826   -9.78580    30.5217    30.5213 0.0000e+00
     37.000    -1.6067    -1.6067   2.446017   2.445966    383.386     0.1159     0.3234     0.2474    330.551   81.26826   -9.78580    30.5471    30.5463 0.0000e+00
     38.000    -1.6086    -1.6086   2.447737   2.447694    382.053     0.1163     0.3103     0.2438    331.547   81.26826   -9.78580    30.5720    30.5714 0.0000e+00
     39.000    -1.6116    -1.6117   2.449560   2.449502    382.378     0.1166     0.2815     0.2435    332.537   81.26826   -9.78580    30.5995    30.5988 0.0000e+00
     40.000    -1.6120    -1.6118   2.451802   2.451765    381.727     0.1170     0.2868     0.2391    333.531   81.26826   -9.78580    30.6301    30.6293 0.0000e+00
     41.000    -1.5905    -1.5901   2.459150   2.459124    379.904     0.1173     0.2859     0.2364    334.523   81.26826   -9.78580    30.7080    30.7072 0.0000e+00
     42.000    -1.5894    -1.5895   2.464745   2.464679    378.790     0.1177     0.2901     0.2340    335.518   81.26826   -9.78580    30.7829    30.7821 0.0000e+00
     43.000    -1.5907    -1.5907   2.466623   2.466575    377.845     0.1181     0.2851     0.2324    336.504   81.26826   -9.78580    30.8094    30.8087 0.0000e+00
     44.000    -1.5937    -1.5937   2.470061   2.470164    376.731     0.1184     0.2573     0.2311    337.493   81.26826   -9.78580    30.8590    30.8605 0.0000e+00
     45.000    -1.5820    -1.5842   2.470795   2.470278    374.400     0.1188     0.2480     0.2283    339.613   81.26826   -9.78580    30.8565    30.8516 0.0000e+00
     46.000    -1.5922    -1.5921   2.479673   2.479068    372.651     0.1191     0.2178     0.2248    341.772   81.26826   -9.78580    30.9882    30.9797 0.0000e+00
     47.000    -1.5903    -1.5902   2.483517   2.483508    372.382     0.1194     0.2011     0.2230    342.884   81.26826   -9.78580    31.0383    31.0381 0.0000e+00
     48.000    -1.5911    -1.5913   2.486295   2.486233    372.007     0.1198     0.1870     0.2206    343.848   81.26826   -9.78580    31.0766    31.0760 0.0000e+00
     49.000    -1.5917    -1.5916   2.490190   2.490143    368.897     0.1201     0.1983     0.2191    344.811   81.26826   -9.78580    31.1301    31.1294 0.0000e+00
     50.000    -1.5884    -1.5883   2.497727   2.497650    366.119     0.1204     0.1997     0.2199    345.775   81.26826   -9.78580    31.2295    31.2283 0.0000e+00
     51.000    -1.5842    -1.5841   2.503872   2.503882    364.666     0.1207     0.2045     0.2203    346.740   81.26826   -9.78580    31.3088    31.3089 0.0000e+00
     52.000    -1.5786    -1.5785   2.510200   2.510203    364.173     0.1210     0.1968     0.2211    347.710   81.26826   -9.78580    31.3892    31.3892 0.0000e+00
     53.000    -1.5709    -1.5707   2.517506   2.517446    362.887     0.1212     0.1883     0.2219    348.682   81.26826   -9.78580    31.4809    31.4798 0.0000e+00
     54.000    -1.5378    -1.5369   2.533787   2.533886    360.209     0.1215     0.1744     0.2222    349.653   81.26826   -9.78581    31.6686    31.6690 0.0000e+00
     55.000    -1.5209    -1.5209   2.540867   2.540771    358.447     0.1217     0.1523     0.2234    350.626   81.26826   -9.78582    31.7473    31.7459 0.0000e+00
     56.000    -1.5148    -1.5146   2.544447   2.544422    355.858     0.1220     0.1334     0.2244    351.598   81.26826   -9.78582    31.7892    31.7887 0.0000e+00
     57.000    -1.5091    -1.5092   2.548521   2.548450    350.698     0.1222     0.1359     0.2264    352.572   81.26826   -9.78582    31.8385    31.8376 0.0000e+00
     58.000    -1.5059    -1.5057   2.551665   2.551638    344.468     0.1224     0.1414     0.2253    353.540   81.26826   -9.78582    31.8776    31.8770 0.0000e+00
     59.000    -1.5006    -1.5006   2.560833   2.560853    339.850     0.1226     0.1418     0.2240    354.507   81.26826   -9.78582    31.9972    31.9975 0.0000e+00
     60.000    -1.4994    -1.4994   2.565866   2.565808    337.121     0.1227     0.1584     0.2237    355.476   81.26826   -9.78582    32.0644    32.0636 0.0000e+00
     61.000    -1.4922    -1.4920   2.570226   2.570183    335.007     0.1229     0.1683     0.2234    356.446   81.26826   -9.78582    32.1159    32.1151 0.0000e+00
     62.000    -1.4822    -1.4819   2.578747   2.578721    332.615     0.1230     0.1699     0.2235    357.416   81.26826   -9.78582    32.2216    32.2209 0.0000e+00
     63.000    -1.4781    -1.4783   2.583720   2.583630    330.494     0.1232     0.1634     0.2233    358.385   81.26826   -9.78582    32.2849    32.2838 0.0000e+00
     64.000    -1.4766    -1.4766   2.586090   2.586022    328.942     0.1233     0.1517     0.2235    359.354   81.26826   -9.78582    32.3151    32.3142 0.0000e+00
     65.000    -1.4740    -1.4740   2.588639   2.588542    325.250     0.1233     0.1416     0.2219    360.322   81.26826   -9.78582    32.3467    32.3454 0.0000e+00
     66.000    -1.4661    -1.4656   2.592205   2.592151    319.924     0.1234     0.1416     0.2196    361.288   81.26826   -9.78582    32.3865    32.3853 0.0000e+00
     67.000    -1.4459    -1.4454   2.596504   2.596441    315.300     0.1234     0.1349     0.2190    362.256   81.26826   -9.78582    32.4231    32.4216 0.0000e+00
     68.000    -1.4367    -1.4363   2.600162   2.600149    312.666     0.1235     0.1323     0.2183    363.222   81.26826   -9.78582    32.4626    32.4620 0.0000e+00
     69.000    -1.4270    -1.4269   2.604237   2.604165    310.045     0.1235     0.1258     0.2171    364.186   81.26826   -9.78582    32.5073    32.5062 0.0000e+00
     70.000    -1.4223    -1.4221   2.606532   2.606483    306.084     0.1235     0.1190     0.2151    365.148   81.26826   -9.78582    32.5332    32.5322 0.0000e+00
     71.000    -1.4083    -1.4083   2.611587   2.611469    301.385     0.1234     0.1129     0.2136    366.111   81.26826   -9.78582    32.5866    32.5850 0.0000e+00
     72.000    -1.3968    -1.3969   2.615853   2.615742    297.525     0.1234     0.1102     0.2127    367.069   81.26826   -9.78582    32.6320    32.6305 0.0000e+00
     73.000    -1.3937    -1.3936   2.617545   2.617496    294.462     0.1233     0.1084     0.2112    368.031   81.26826   -9.78582    32.6512    32.6504 0.0000e+00
     74.000    -1.3942    -1.3943   2.619033   2.618958    291.366     0.1233     0.1037     0.2107    368.992   81.26826   -9.78582    32.6716    32.6707 0.0000e+00
     75.000    -1.4000    -1.4003   2.622783   2.622705    287.193     0.1232     0.1031     0.2104    369.952   81.26826   -9.78582    32.7288    32.7281 0.0000e+00
     76.000    -1.4106    -1.4106   2.629148   2.629062    284.097     0.1231     0.0977     0.2093    370.911   81.26826   -9.78582    32.8272    32.8260 0.0000e+00
     77.000    -1.4053    -1.4050   2.635457   2.635341    282.445     0.1230     0.0964     0.2093    371.871   81.26826   -9.78582    32.9075    32.9055 0.0000e+00
     78.000    -1.3892    -1.3886   2.640312   2.640289    281.519     0.1228     0.0869     0.2091    372.823   81.26826   -9.78582    32.9557    32.9547 0.0000e+00
     79.000    -1.3829    -1.3831   2.644024   2.643984    281.181     0.1227     0.0783     0.2091    373.776   81.26826   -9.78582    32.9991    32.9988 0.0000e+00
     80.000    -1.3786    -1.3791   2.648757   2.648688    282.169     0.1226     0.0752     0.2090    374.741   81.26826   -9.78582    33.0588    33.0584 0.0000e+00
     81.000    -1.3917    -1.3919   2.650144   2.650108    284.784     0.1224     0.0732     0.2090    375.702   81.26826   -9.78582    33.0918    33.0914 0.0000e+00
     82.000    -1.3895    -1.3895   2.653952   2.653836    288.054     0.1222     0.0688     0.2085    376.662   81.26826   -9.78582    33.1410    33.1394 0.0000e+00
     83.000    -1.3945    -1.3948   2.656774   2.656761    291.215     0.1221     0.0612     0.2087    377.626   81.26826   -9.78582    33.1848    33.1848 0.0000e+00
     84.000    -1.3894    -1.3892   2.659040   2.658953    293.626     0.1219     0.0617     0.2087    378.590   81.26826   -9.78582    33.2096    33.2081 0.0000e+00
     85.000    -1.3621    -1.3605   2.662890   2.662778    295.347     0.1217     0.0618     0.2089    379.549   81.26826   -9.78582    33.2315    33.2282 0.0000e+00
     86.000    -1.2901    -1.2891   2.671622   2.671491    297.057     0.1215     0.0613     0.2090    380.513   81.26826   -9.78582    33.2705    33.2676 0.0000e+00
     87.000    -1.2295    -1.2272   2.679539   2.679503    299.165     0.1213     0.0622     0.2086    381.481   81.26826   -9.78582    33.3110    33.3079 0.0000e+00
     88.000    -1.1553    -1.1531   2.689832   2.689754    299.932     0.1211     0.0549     0.2097    382.444   81.26826   -9.78582    33.3684    33.3649 0.0000e+00
     89.000    -1.0922    -1.0911   2.698491   2.698405    299.464     0.1209     0.0524     0.2114    383.408   81.26826   -9.78582    33.4157    33.4134 0.0000e+00
     90.000    -1.0669    -1.0666   2.701688   2.701555    298.501     0.1207     0.0538     0.2128    384.371   81.26826   -9.78582    33.4306    33.4284 0.0000e+00
     91.000    -1.0431    -1.0427   2.704536   2.704414    296.865     0.1205     0.0513     0.2142    385.338   81.26826   -9.78582    33.4422    33.4401 0.0000e+00
     92.000    -1.0205    -1.0199   2.707478   2.707380    294.878     0.1203     0.0610     0.2161    386.306   81.26826   -9.78582    33.4565    33.4545 0.0000e+00
     93.000    -0.9971    -0.9962   2.710934   2.710865    293.073     0.1200     0.0517     0.2169    387.266   81.26826   -9.78582    33.4769    33.4749 0.0000e+00
     94.000    -0.9709    -0.9701   2.714909   2.714816    292.040     0.1198     0.0553     0.2191    388.227   81.26826   -9.78582    33.5011    33.4989 0.0000e+00
     95.000    -0.9214    -0.9193   2.723864   2.723932    290.666     0.1196     0.0511     0.2208    389.180   81.26826   -9.78582    33.5669    33.5655 0.0000e+00
     96.000    -0.9259    -0.9265   2.728170   2.728094    290.931     0.1194     0.0458     0.2223    390.139   81.26826   -9.78582    33.6299    33.6294 0.0000e+00
     97.000    -0.9391    -0.9392   2.728863   2.728704    290.701     0.1191     0.0441     0.2230    391.101   81.26826   -9.78582    33.6534    33.6513 0.0000e+00
