template/proc/Sta0001_bin_cdom.cnv
* Sea-Bird SBE 9 Data File:
* FileName = C:\Seabird\CTDDATA\Sta0001.hdr
* Software Version Seasave V 7.26.7.107
* Temperature SN = 5884
* Conductivity SN = 2860
* Number of Bytes Per Scan = 44
* Number of Voltage Words = 5
* Number of Scans Averaged by the Deck Unit = 1
* NMEA Latitude = 81 16.09 N
* NMEA Longitude = 009 47.15 W
* NMEA UTC (Time) = Jan 01 2000 06:43:32
* NMEA baud rate = 9600
** Ship name [platform code]: Kronprins Haakon [9566] ""
** Station: 0001
** Cruise: 2000xxxxxx
** Echodepth [m]: 151
** Log [Nm]: 1637.09
** Wind-Dir [deg T] Force [m/s]: 20 05
** Airtemp (dry) [degC]: 1.1
** Air pressure [mBar]: 1014.9
** CTD-snr, rosette-snr, deckunit-snr: 09-1346, 32-1222, 11-1121
** Moonpool(M)/Skuteside(S): S
** Cruise name: TEST 2000
# nquan = 15
# nvalues = 150                         
# units = specified
# name 0 = prDM: Pressure, Digiquartz [db]
# name 1 = t090C: Temperature [ITS-90, deg C]
# name 2 = t190C: Temperature, 2 [ITS-90, deg C]
# name 3 = c0S/m: Conductivity [S/m]
# name 4 = c1S/m: Conductivity, 2 [S/m]
# name 5 = sbox0Mm/Kg: Oxygen, SBE 43 [umol/kg]
# name 6 = wetCDOM: Fluorescence, WET Labs CDOM [mg/m^3]
# name 7 = flECO-AFL: Fluorescence, WET Labs ECO-AFL/FL [mg/m^3]
# name 8 = CStarAt0: Beam Attenuation, WET Labs C-Star [1/m]
# name 9 = timeS: Time, Elapsed [seconds]
# name 10 = latitude: Latitude [deg]
# name 11 = longitude: Longitude [deg]
# name 12 = sal00: Salinity, Practical [PSU]
# name 13 = sal11: Salinity, Practical, 2 [PSU]
# name 14 = flag: flag
# span 0 =      2.000,    151.000       
# span 1 =    -1.6120,    -0.4860       
# span 2 =    -1.6118,    -0.4862       
# span 3 =   2.435824,   2.805459       
# span 4 =   2.435775,   2.805309       
# span 5 =    279.619,    385.785       
# span 6 =     0.1102,     0.1235       
# span 7 =     0.0353,     0.4892       
# span 8 =     0.2085,     0.2910       
# span 9 =    269.951,    471.360       
# span 10 =   81.26826,   81.26826      
# span 11 =   -9.78582,   -9.78580      
# span 12 =    30.1148,    34.1478      
# span 13 =    30.1128,    34.1460      
# span 14 = 0.0000e+00, 0.0000e+00      
# interval = decibars: 1                
# start_time = Jan 01 2000 06:43:32 [NMEA time, header]
# bad_flag = -9.990e-29
*END*
[from data line 97]
     99.000    -0.8686    -0.8675   2.737107   2.736924    288.295     0.1187     0.0447     0.2216    393.029   81.26826   -9.78582    33.6853    33.6815 0.0000e+00
    100.000    -0.8310    -0.8302   2.740844   2.740770    288.844     0.1184     0.0438     0.2214    393.994   81.26826   -9.78582    33.6932    33.6913 0.0000e+00
    101.000    -0.8109    -0.8113   2.743893   2.743642    289.926     0.1182     0.0451     0.2227    394.954   81.26826   -9.78582    33.7115    33.7085 0.0000e+00
    102.000    -0.7894    -0.7895   2.748961   2.748788    289.219     0.1180     0.0484     0.2247    395.910   81.26826   -9.78582    33.7554    33.7531 0.0000e+00
    103.000    -0.7626    -0.7627   2.753372   2.753262    287.992     0.1178     0.0446     0.2267    396.868   81.26826   -9.78582    33.7845    33.7830 0.0000e+00
    104.000    -0.7585    -0.7588   2.754422   2.754268    286.878     0.1175     0.0438     0.2290    397.828   81.26826   -9.78582    33.7935    33.7917 0.0000e+00
    105.000    -0.7550    -0.7552   2.755463   2.755319    286.210     0.1173     0.0440     0.2320    398.780   81.26826   -9.78582    33.8030    33.8013 0.0000e+00
    106.000    -0.7534    -0.7534   2.755925   2.755810    285.266     0.1171     0.0460     0.2325    399.734   81.26826   -9.78582    33.8068    33.8053 0.0000e+00
    107.000    -0.7489    -0.7487   2.756961   2.756894    285.022     0.1169     0.0472     0.2341    400.685   81.26826   -9.78582    33.8152    33.8140 0.0000e+00
    108.000    -0.7436    -0.7437   2.758352   2.758176    284.826     0.1167     0.0435     0.2348    401.632   81.26826   -9.78582    33.8274    33.8252 0.0000e+00
    109.000    -0.7398    -0.7399   2.759327   2.759198    284.527     0.1166     0.0438     0.2348    402.587   81.26826   -9.78582    33.8358    33.8342 0.0000e+00
    110.000    -0.7392    -0.7393   2.759506   2.759390    284.643     0.1164     0.0438     0.2351    403.542   81.26826   -9.78582    33.8369    33.8355 0.0000e+00
    111.000    -0.7372    -0.7375   2.760095   2.759931    284.757     0.1162     0.0441     0.2344    404.493   81.26826   -9.78582    33.8420    33.8401 0.0000e+00
    112.000    -0.7374    -0.7371   2.760208   2.760134    283.972     0.1161     0.0472     0.2343    405.445   81.26826   -9.78582    33.8432    33.8418 0.0000e+00
    113.000    -0.7371    -0.7372   2.760613   2.760472    284.119     0.1160     0.0463     0.2350    406.397   81.26826   -9.78582    33.8477    33.8459 0.0000e+00
    114.000    -0.7385    -0.7386   2.760982   2.760845    284.330     0.1158     0.0435     0.2337    407.353   81.26826   -9.78582    33.8536    33.8519 0.0000e+00
    115.000    -0.7326    -0.7324   2.762579   2.762437    284.157     0.1157     0.0407     0.2341    408.305   81.26826   -9.78582    33.8679    33.8658 0.0000e+00
    116.000    -0.7256    -0.7255   2.763525   2.763416    283.986     0.1156     0.0353     0.2329    409.258   81.26826   -9.78582    33.8723    33.8707 0.0000e+00
    117.000    -0.7243    -0.7246   2.763727   2.763575    284.227     0.1155     0.0362     0.2322    410.211   81.26826   -9.78582    33.8730    33.8712 0.0000e+00
    118.000    -0.7249    -0.7251   2.763728   2.763586    284.207     0.1154     0.0423     0.2316    411.167   81.26826   -9.78582    33.8730    33.8713 0.0000e+00
    119.000    -0.7197    -0.7198   2.764471   2.764320    284.003     0.1153     0.0435     0.2311    412.121   81.26826   -9.78582    33.8766    33.8747 0.0000e+00
    120.000    -0.7126    -0.7125   2.765845   2.765724    283.711     0.1152     0.0386     0.2309    413.076   81.26826   -9.78582    33.8867    33.8849 0.0000e+00
    121.000    -0.7063    -0.7064   2.767104   2.766968    283.638     0.1151     0.0400     0.2310    414.029   81.26826   -9.78582    33.8959    33.8942 0.0000e+00
    122.000    -0.7029    -0.7029   2.767812   2.767678    283.873     0.1150     0.0407     0.2314    414.984   81.26826   -9.78582    33.9011    33.8993 0.0000e+00
    123.000    -0.6977    -0.6977   2.769135   2.768982    283.839     0.1150     0.0363     0.2323    415.938   81.26826   -9.78582    33.9125    33.9105 0.0000e+00
    124.000    -0.6840    -0.6838   2.771863   2.771753    283.300     0.1149     0.0370     0.2323    416.892   81.26826   -9.78582    33.9333    33.9316 0.0000e+00
    125.000    -0.6762    -0.6764   2.773305   2.773129    283.289     0.1148     0.0437     0.2324    417.847   81.26826   -9.78582    33.9434    33.9413 0.0000e+00
    126.000    -0.6595    -0.6580   2.776229   2.776190    282.822     0.1147     0.0431     0.2323    418.804   81.26826   -9.78582    33.9635    33.9613 0.0000e+00
    127.000    -0.6430    -0.6425   2.778189   2.778106    282.682     0.1146     0.0431     0.2325    419.761   81.26826   -9.78582    33.9708    33.9692 0.0000e+00
    128.000    -0.6345    -0.6338   2.779445   2.779356    282.652     0.1146     0.0384     0.2361    420.716   81.26826   -9.78582    33.9775    33.9756 0.0000e+00
    129.000    -0.6176    -0.6178   2.782169   2.781974    282.471     0.1145     0.0401     0.2395    421.671   81.26826   -9.78582    33.9947    33.9923 0.0000e+00
    130.000    -0.6149    -0.6144   2.782628   2.782598    282.242     0.1144     0.0436     0.2446    422.628   81.26826   -9.78582    33.9973    33.9963 0.0000e+00
    131.000    -0.6088    -0.6081   2.783745   2.783734    281.862     0.1143     0.0445     0.2479    423.586   81.26826   -9.78582    34.0048    34.0039 0.0000e+00
    132.000    -0.5897    -0.5900   2.787376   2.787061    281.271     0.1142     0.0434     0.2505    424.544   81.26826   -9.78582    34.0316    34.0277 0.0000e+00
    133.000    -0.5672    -0.5663   2.791285   2.791261    281.147     0.1142     0.0442     0.2544    425.500   81.26826   -9.78582    34.0584    34.0570 0.0000e+00
    134.000    -0.5581    -0.5586   2.792854   2.792639    281.460     0.1142     0.0439     0.2563    426.455   81.26826   -9.78582    34.0687    34.0664 0.0000e+00
    135.000    -0.5565    -0.5566   2.793212   2.793080    280.966     0.1141     0.0437     0.2572    427.414   81.26826   -9.78582    34.0711    34.0694 0.0000e+00
    136.000    -0.5550    -0.5554   2.793522   2.793333    280.785     0.1141     0.0443     0.2584    428.374   81.26826   -9.78582    34.0729    34.0709 0.0000e+00
    137.000    -0.5519    -0.5508   2.794161   2.794232    280.335     0.1141     0.0440     0.2567    429.336   81.26826   -9.78582    34.0775    34.0772 0.0000e+00
    138.000    -0.5392    -0.5390   2.796458   2.796307    280.300     0.1141     0.0403     0.2562    430.296   81.26826   -9.78582    34.0934    34.0912 0.0000e+00
    139.000    -0.5331    -0.5331   2.797394   2.797285    280.229     0.1141     0.0391     0.2551    431.256   81.26826   -9.78582    34.0986    34.0970 0.0000e+00
    140.000    -0.5310    -0.5310   2.797801   2.797673    280.439     0.1141     0.0438     0.2533    432.212   81.26826   -9.78582    34.1010    34.0993 0.0000e+00
    141.000    -0.5275    -0.5275   2.798448   2.798298    280.620     0.1140     0.0429     0.2520    433.173   81.26826   -9.78582    34.1052    34.1032 0.0000e+00
    142.000    -0.5227    -0.5224   2.799269   2.799168    280.170     0.1140     0.0367     0.2526    434.134   81.26826   -9.78582    34.1102    34.1085 0.0000e+00
    143.000    -0.5174    -0.5175   2.800121   2.799981    279.871     0.1140     0.0432     0.2522    435.094   81.26826   -9.78582    34.1151    34.1133 0.0000e+00
    144.000    -0.5155    -0.5155   2.800484   2.800365    280.132     0.1140     0.0444     0.2519    436.052   81.26826   -9.78582    34.1172    34.1156 0.0000e+00
    145.000    -0.5105    -0.5109   2.801351   2.801124    280.350     0.1139     0.0386     0.2515    437.013   81.26826   -9.78582    34.1226    34.1201 0.0000e+00
    146.000    -0.5008    -0.5025   2.803003   2.802569    279.935     0.1139     0.0368     0.2500    438.049   81.26826   -9.78582    34.1333    34.1294 0.0000e+00
    147.000    -0.4965    -0.4973   2.803627   2.803421    280.027     0.1141     0.0402     0.2489    441.029   81.26826   -9.78582    34.1362    34.1344 0.0000e+00
    148.000    -0.4919    -0.4912   2.804491   2.804473    280.072     0.1135     0.0425     0.2484    455.833   81.26826   -9.78582    34.1421    34.1410 0.0000e+00
    149.000    -0.4860    -0.4862   2.805459   2.805309    279.917     0.1135     0.0439     0.2460    464.321   81.26826   -9.78582    34.1478    34.1460 0.0000e+00
    150.000    -0.4862    -0.4865   2.805459   2.805299    279.987     0.1139     0.0354     0.2464    467.306   81.26826   -9.78582    34.1474    34.1456 0.0000e+00
    151.000    -0.4868    -0.4872   2.805399   2.805246    279.619     0.1142     0.0476     0.2429    471.360   81.26826   -9.78582    34.1467    34.1451 0.0000e+00
