template/proc/Sta0001.ros
* Sea-Bird SBE 9 Data File:
* FileName = C:\Seabird\CTDDATA\Sta0001.hdr
* Software Version Seasave V 7.26.7.107
* Temperature SN = 5884
* Conductivity SN = 2860
* Number of Bytes Per Scan = 44
* Number of Voltage Words = 5
* Number of Scans Averaged by the Deck Unit = 1
* NMEA Latitude = 81 16.09 N
* NMEA Longitude = 009 47.15 W
* NMEA UTC (Time) = Jan 01 2000 06:43:32
* NMEA baud rate = 9600
** Ship name [platform code]: Kronprins Haakon [9566] ""
** Station: 0001
** Cruise: 2000xxxxxx
** Echodepth [m]: 151
** Log [Nm]: 1637.09
** Wind-Dir [deg T] Force [m/s]: 20 05
** Airtemp (dry) [degC]: 1.1
** Air pressure [mBar]: 1014.9
** CTD-snr, rosette-snr, deckunit-snr: 09-1346, 32-1222, 11-1121
** Moonpool(M)/Skuteside(S): S
** Cruise name: TEST 2000
# nquan = 15
# nvalues = 343                                   
# units = specified
# name 0 = prDM: Pressure, Digiquartz [db]
# name 1 = t090C: Temperature [ITS-90, deg C]
# name 2 = t190C: Temperature, 2 [ITS-90, deg C]
# name 3 = c0S/m: Conductivity [S/m]
# name 4 = c1S/m: Conductivity, 2 [S/m]
# name 5 = sbox0Mm/Kg: Oxygen, SBE 43 [umol/kg]
# name 6 = wetCDOM: Fluorescence, WET Labs CDOM [mg/m^3]
# name 7 = flECO-AFL: Fluorescence, WET Labs ECO-AFL/FL [mg/m^3]
# name 8 = CStarAt0: Beam Attenuation, WET Labs C-Star [1/m]
# name 9 = timeS: Time, Elapsed [seconds]
# name 10 = latitude: Latitude [deg]
# name 11 = longitude: Longitude [deg]
# name 12 = scan: Scan Count
# name 13 = nbf: Bottles Fired
# name 14 = flag:  0.000e+00
# interval = seconds: 0.0416667
# start_time = Jan 01 2000 06:43:32 [NMEA time, header]
# bad_flag = -9.990e-29
*END*
[from data line 290]
     15.440    -1.3897    -1.3848   2.436666   2.436033    384.525     0.1111     0.5358     0.2776    685.958   81.26826   -9.78582      16464          6  0.000e+00
     15.498    -1.3892    -1.3848   2.436617   2.436054    384.323     0.1123     0.5358     0.2776    686.000   81.26826   -9.78582      16465          6  0.000e+00
     15.440    -1.3891    -1.3843   2.436607   2.436023    384.352     0.1123     0.5358     0.2776    686.042   81.26826   -9.78582      16466          6  0.000e+00
     15.498    -1.3886    -1.3842   2.436574   2.436012    384.385     0.1123     0.5358     0.2787    686.083   81.26826   -9.78582      16467          6  0.000e+00
      5.700    -1.3464    -1.3480   2.434969   2.434785    384.745     0.1111     0.4259     0.2832    710.958   81.26826   -9.78580      17064          7  0.000e+00
      5.590    -1.3459    -1.3482   2.434974   2.434816    384.767     0.1111     0.4259     0.2832    711.000   81.26826   -9.78580      17065          7  0.000e+00
      5.590    -1.3462    -1.3474   2.434974   2.434821    384.426     0.1099     0.4259     0.2832    711.042   81.26826   -9.78580      17066          7  0.000e+00
      5.590    -1.3462    -1.3464   2.434958   2.434853    384.644     0.1087     0.4259     0.2832    711.083   81.26826   -9.78580      17067          7  0.000e+00
      5.531    -1.3464    -1.3458   2.434953   2.434874    384.671     0.1087     0.4259     0.2821    711.125   81.26826   -9.78580      17068          7  0.000e+00
      5.531    -1.3462    -1.3453   2.434969   2.434868    384.603     0.1087     0.4259     0.2832    711.167   81.26826   -9.78580      17069          7  0.000e+00
      5.531    -1.3459    -1.3450   2.434974   2.434868    384.857     0.1087     0.4259     0.2832    711.208   81.26826   -9.78580      17070          7  0.000e+00
      5.480    -1.3461    -1.3449   2.434958   2.434874    384.595     0.1087     0.4259     0.2832    711.250   81.26826   -9.78580      17071          7  0.000e+00
      5.480    -1.3461    -1.3452   2.434985   2.434889    384.333     0.1087     0.4259     0.2832    711.292   81.26826   -9.78580      17072          7  0.000e+00
      5.480    -1.3462    -1.3445   2.434980   2.434874    384.262     0.1087     0.4259     0.2832    711.333   81.26826   -9.78580      17073          7  0.000e+00
      5.480    -1.3466    -1.3438   2.434958   2.434874    384.474     0.1087     0.4259     0.2832    711.375   81.26826   -9.78580      17074          7  0.000e+00
      5.370    -1.3464    -1.3435   2.434969   2.434800    384.437     0.1087     0.4259     0.2832    711.417   81.26826   -9.78580      17075          7  0.000e+00
      5.428    -1.3467    -1.3438   2.434958   2.434774    384.461     0.1087     0.4259     0.2832    711.458   81.26826   -9.78580      17076          7  0.000e+00
      5.370    -1.3469    -1.3455   2.434953   2.434753    384.477     0.1087     0.4259     0.2832    711.500   81.26826   -9.78580      17077          7  0.000e+00
      5.531    -1.3476    -1.3461   2.434953   2.434738    384.229     0.1087     0.4186     0.2832    711.542   81.26826   -9.78580      17078          7  0.000e+00
      5.370    -1.3479    -1.3467   2.434931   2.434654    384.477     0.1087     0.3746     0.2832    711.583   81.26826   -9.78580      17079          7  0.000e+00
      5.428    -1.3475    -1.3491   2.434942   2.434554    384.448     0.1087     0.3600     0.2832    711.625   81.26826   -9.78580      17080          7  0.000e+00
      5.369    -1.3473    -1.3507   2.434953   2.434628    384.179     0.1087     0.3600     0.2832    711.667   81.26826   -9.78580      17081          7  0.000e+00
      5.428    -1.3475    -1.3503   2.434969   2.434654    384.389     0.1087     0.3600     0.2843    711.708   81.26826   -9.78580      17082          7  0.000e+00
      5.480    -1.3482    -1.3490   2.434974   2.434706    384.415     0.1087     0.3600     0.2877    711.750   81.26826   -9.78580      17083          7  0.000e+00
      5.480    -1.3510    -1.3481   2.434990   2.434806    384.456     0.1087     0.3600     0.2888    711.792   81.26826   -9.78580      17084          7  0.000e+00
      5.480    -1.3543    -1.3474   2.434980   2.434806    384.688     0.1087     0.3600     0.2877    711.833   81.26826   -9.78580      17085          7  0.000e+00
      5.502    -1.3564    -1.3473   2.434974   2.434800    384.718     0.1087     0.3600     0.2888    711.875   81.26826   -9.78580      17086          7  0.000e+00
      5.318    -1.3577    -1.3478   2.434974   2.434816    384.446     0.1087     0.3600     0.2877    711.917   81.26826   -9.78580      17087          7  0.000e+00
      5.590    -1.3587    -1.3486   2.434974   2.434827    384.426     0.1087     0.3600     0.2888    711.958   81.26826   -9.78580      17088          7  0.000e+00
      5.428    -1.3585    -1.3491   2.434958   2.434821    384.373     0.1087     0.3600     0.2877    712.000   81.26826   -9.78580      17089          7  0.000e+00
      5.480    -1.3585    -1.3493   2.434931   2.434821    384.379     0.1087     0.3600     0.2877    712.042   81.26826   -9.78580      17090          7  0.000e+00
      5.369    -1.3587    -1.3486   2.434926   2.434827    384.657     0.1087     0.3600     0.2877    712.083   81.26826   -9.78580      17091          7  0.000e+00
      5.480    -1.3581    -1.3491   2.434910   2.434753    384.656     0.1087     0.3673     0.2888    712.125   81.26826   -9.78580      17092          7  0.000e+00
      5.369    -1.3577    -1.3514   2.434920   2.434670    384.689     0.1099     0.3600     0.2877    712.167   81.26826   -9.78580      17093          7  0.000e+00
      5.531    -1.3574    -1.3547   2.434910   2.434680    384.455     0.1111     0.3673     0.2877    712.208   81.26826   -9.78580      17094          7  0.000e+00
      5.480    -1.3569    -1.3565   2.434920   2.434659    384.441     0.1123     0.3600     0.2877    712.250   81.26826   -9.78580      17095          7  0.000e+00
      5.428    -1.3558    -1.3551   2.434910   2.434706    384.423     0.1123     0.3673     0.2877    712.292   81.26826   -9.78580      17096          7  0.000e+00
      5.531    -1.3548    -1.3527   2.434920   2.434790    384.461     0.1123     0.3600     0.2877    712.333   81.26826   -9.78580      17097          7  0.000e+00
      5.369    -1.3534    -1.3516   2.434888   2.434837    384.438     0.1123     0.3600     0.2877    712.375   81.26826   -9.78580      17098          7  0.000e+00
      5.480    -1.3525    -1.3516   2.434861   2.434827    384.433     0.1123     0.3600     0.2877    712.417   81.26826   -9.78580      17099          7  0.000e+00
      5.480    -1.3520    -1.3515   2.434856   2.434837    384.706     0.1123     0.3600     0.2877    712.458   81.26826   -9.78580      17100          7  0.000e+00
      5.428    -1.3518    -1.3512   2.434872   2.434853    384.740     0.1123     0.3600     0.2888    712.500   81.26826   -9.78580      17101          7  0.000e+00
      5.480    -1.3515    -1.3507   2.434877   2.434827    384.779     0.1123     0.3600     0.2888    712.542   81.26826   -9.78580      17102          7  0.000e+00
      5.479    -1.3520    -1.3506   2.434845   2.434837    384.540     0.1123     0.3600     0.2866    712.583   81.26826   -9.78580      17103          7  0.000e+00
      5.479    -1.3518    -1.3505   2.434834   2.434816    384.577     0.1123     0.3600     0.2843    712.625   81.26826   -9.78580      17104          7  0.000e+00
      5.369    -1.3514    -1.3506   2.434883   2.434816    384.558     0.1123     0.3966     0.2843    712.667   81.26826   -9.78580      17105          7  0.000e+00
      5.479    -1.3514    -1.3515   2.434867   2.434806    384.556     0.1123     0.4113     0.2843    712.708   81.26826   -9.78580      17106          7  0.000e+00
      5.428    -1.3513    -1.3527   2.434926   2.434879    384.824     0.1123     0.4113     0.2854    712.750   81.26826   -9.78580      17107          7  0.000e+00
      5.479    -1.3515    -1.3541   2.434931   2.434874    384.912     0.1123     0.4113     0.2843    712.792   81.26826   -9.78580      17108          7  0.000e+00
      5.501    -1.3523    -1.3555   2.434926   2.434869    384.676     0.1123     0.4113     0.2843    712.833   81.26826   -9.78580      17109          7  0.000e+00
      5.428    -1.3531    -1.3566   2.434926   2.434931    384.390     0.1123     0.4113     0.2854    712.875   81.26826   -9.78580      17110          7  0.000e+00
      5.428    -1.3529    -1.3567   2.434942   2.434905    384.286     0.1123     0.4113     0.2843    712.917   81.26826   -9.78580      17111          7  0.000e+00
      5.479    -1.3529    -1.3573   2.434953   2.434910    384.515     0.1123     0.4113     0.2843    712.958   81.26826   -9.78580      17112          7  0.000e+00
