template/raw/Sta0001.ros
* Sea-Bird SBE 9 Data File:
* FileName = C:\Seabird\CTDDATA\Sta0001.hdr
* Software Version Seasave V 7.26.7.107
* Temperature SN = 5884
* Conductivity SN = 2860
* Number of Bytes Per Scan = 44
* Number of Voltage Words = 5
* Number of Scans Averaged by the Deck Unit = 1
* NMEA Latitude = 81 16.09 N
* NMEA Longitude = 009 47.15 W
* NMEA UTC (Time) = Jan 01 2000 06:43:32
* NMEA baud rate = 9600
** Ship name [platform code]: Kronprins Haakon [9566] "" 
** Station: 0001
** Cruise: 2000xxxxxx 
** Echodepth [m]: 151
** Log [Nm]: 1637.09
** Wind-Dir [deg T] Force [m/s]: 20 05
** Airtemp (dry) [degC]: 1.1
** Air pressure [mBar]: 1014.9
** CTD-snr, rosette-snr, deckunit-snr: 09-1346, 32-1222, 11-1121 
** Moonpool(M)/Skuteside(S): S
** Cruise name: TEST 2000 
# nquan = 18
# nvalues = 343                                   
# units = specified
# name 0 = prDM: Pressure, Digiquartz [db]
# name 1 = t068C: Temperature [IPTS-68, deg C]
# name 2 = t168C: Temperature, 2 [IPTS-68, deg C]
# name 3 = c0S/m: Conductivity [S/m]
# name 4 = c1S/m: Conductivity, 2 [S/m]
# name 5 = sbeox0V: Oxygen raw, SBE 43 [V]
# name 6 = flECO-AFL: Fluorescence, WET Labs ECO-AFL/FL [mg/m^3]
# name 7 = CStarTr0: Beam Transmission, WET Labs C-Star [%]
# name 8 = altM: Altimeter [m]
# name 9 = spar: SPAR, Biospherical/Licor [umol photons/m^2/sec]
# name 10 = sbeox0ML/L: Oxygen, SBE 43 [ml/l]
# name 11 = sbox0Mm/Kg: Oxygen, SBE 43 [umol/kg]
# name 12 = wetCDOM: Fluorescence, WET Labs CDOM [mg/m^3]
# name 13 = t090C: Temperature [ITS-90, deg C]
# name 14 = t190C: Temperature, 2 [ITS-90, deg C]
# name 15 = scan: Scan Count
# name 16 = nbf: Bottles Fired
# name 17 = flag:  0.000e+00
# interval = seconds: 0.0416667
# start_time = Jan 01 2000 06:43:34 [System UTC, first data scan.]
# bad_flag = -9.990e-29
*END*
[from data line 81]
    100.227    -0.7551    -0.7488   2.755230   2.756626     2.0354     0.0450    94.2578      98.63 0.0000e+00     6.5468    284.643     0.1160    -0.7549    -0.7486      12984          2  0.000e+00
    100.227    -0.7555    -0.7485   2.755202   2.756648     2.0354     0.0450    94.2578      98.63 0.0000e+00     6.5468    284.647     0.1160    -0.7554    -0.7483      12985          2  0.000e+00
    100.278    -0.7557    -0.7482   2.755101   2.756648     2.0354     0.0376    94.2578      98.63 0.0000e+00     6.5470    284.653     0.1160    -0.7555    -0.7480      12986          2  0.000e+00
    100.227    -0.7563    -0.7485   2.755016   2.756550     2.0366     0.0450    94.2578      98.63 0.0000e+00     6.5523    284.884     0.1160    -0.7561    -0.7483      12987          2  0.000e+00
    100.227    -0.7568    -0.7493   2.754971   2.756117     2.0354     0.0450    94.2578      98.61 0.0000e+00     6.5472    284.661     0.1160    -0.7566    -0.7491      12988          2  0.000e+00
    100.227    -0.7563    -0.7512   2.755163   2.755526     2.0354     0.0450    94.2578      98.61 0.0000e+00     6.5470    284.653     0.1160    -0.7561    -0.7511      12989          2  0.000e+00
    100.227    -0.7551    -0.7548   2.755506   2.754799     2.0354     0.0450    94.2578      98.63 0.0000e+00     6.5466    284.635     0.1160    -0.7549    -0.7546      12990          2  0.000e+00
    100.242    -0.7539    -0.7590   2.755793   2.754158     2.0354     0.0450    94.2578      98.61 0.0000e+00     6.5462    284.619     0.1160    -0.7537    -0.7588      12991          2  0.000e+00
    100.227    -0.7525    -0.7616   2.756057   2.753847     2.0354     0.0450    94.2578      98.63 0.0000e+00     6.5459    284.602     0.1160    -0.7523    -0.7614      12992          2  0.000e+00
    100.278    -0.7522    -0.7634   2.756006   2.753677     2.0354     0.0450    94.2578      98.63 0.0000e+00     6.5459    284.604     0.1148    -0.7520    -0.7632      12993          2  0.000e+00
    100.227    -0.7534    -0.7640   2.755371   2.753776     2.0354     0.0450    94.2578      98.63 0.0000e+00     6.5464    284.629     0.1148    -0.7532    -0.7638      12994          2  0.000e+00
    100.227    -0.7564    -0.7610   2.754505   2.754454     2.0354     0.0450    94.2578      98.63 0.0000e+00     6.5474    284.673     0.1148    -0.7562    -0.7608      12995          2  0.000e+00
    100.227    -0.7604    -0.7570   2.753639   2.755417     2.0354     0.0450    94.2578      98.63 0.0000e+00     6.5485    284.724     0.1148    -0.7602    -0.7568      12996          2  0.000e+00
    100.278    -0.7644    -0.7536   2.753206   2.756123     2.0354     0.0376    94.2578      98.63 0.0000e+00     6.5494    284.764     0.1148    -0.7643    -0.7534      12997          2  0.000e+00
    100.227    -0.7646    -0.7506   2.753959   2.756374     2.0366     0.0450    94.2578      98.61 0.0000e+00     6.5542    284.967     0.1148    -0.7644    -0.7504      12998          2  0.000e+00
    100.227    -0.7608    -0.7501   2.755180   2.755991     2.0366     0.0450    94.2578      98.63 0.0000e+00     6.5528    284.907     0.1148    -0.7606    -0.7499      12999          2  0.000e+00
    100.278    -0.7568    -0.7528   2.756124   2.754744     2.0366     0.0450    94.2318      84.05 0.0000e+00     6.5517    284.855     0.1148    -0.7566    -0.7526      13000          2  0.000e+00
     74.780    -1.3621    -1.3550   2.649050   2.650782     2.0464     0.0743    94.8043      98.63 0.0000e+00     6.7312    292.830     0.1245    -1.3618    -1.3547      13873          3  0.000e+00
     74.854    -1.3625    -1.3578   2.648584   2.649800     2.0452     0.0743    94.8303      98.63 0.0000e+00     6.7263    292.619     0.1245    -1.3622    -1.3574      13874          3  0.000e+00
     74.839    -1.3642    -1.3624   2.647243   2.648332     2.0452     0.0743    94.8303      98.63 0.0000e+00     6.7274    292.672     0.1245    -1.3639    -1.3621      13875          3  0.000e+00
     74.802    -1.3677    -1.3661   2.645702   2.647437     2.0440     0.0743    94.8303      98.63 0.0000e+00     6.7236    292.510     0.1245    -1.3674    -1.3657      13876          3  0.000e+00
     74.839    -1.3711    -1.3681   2.644888   2.646785     2.0452     0.0743    94.8303      98.61 0.0000e+00     6.7300    292.791     0.1245    -1.3708    -1.3677      13877          3  0.000e+00
     74.854    -1.3732    -1.3701   2.644644   2.645992     2.0452     0.0743    94.8303      98.61 0.0000e+00     6.7305    292.813     0.1245    -1.3729    -1.3697      13878          3  0.000e+00
     74.780    -1.3749    -1.3727   2.644384   2.645361     2.0440     0.0743    94.8303      98.61 0.0000e+00     6.7256    292.598     0.1245    -1.3745    -1.3723      13879          3  0.000e+00
     74.854    -1.3764    -1.3741   2.643758   2.645081     2.0452     0.0743    94.8303      98.61 0.0000e+00     6.7316    292.862     0.1245    -1.3761    -1.3738      13880          3  0.000e+00
     74.854    -1.3787    -1.3752   2.642694   2.644865     2.0440     0.0743    94.8303      98.61 0.0000e+00     6.7273    292.679     0.1245    -1.3783    -1.3748      13881          3  0.000e+00
     74.780    -1.3819    -1.3755   2.641348   2.644887     2.0427     0.0743    94.8303      98.63 0.0000e+00     6.7233    292.508     0.1245    -1.3816    -1.3752      13882          3  0.000e+00
     74.854    -1.3853    -1.3755   2.640396   2.645178     2.0427     0.0816    94.8043      98.61 0.0000e+00     6.7245    292.563     0.1245    -1.3850    -1.3751      13883          3  0.000e+00
     74.780    -1.3881    -1.3757   2.639909   2.644957     2.0427     0.0743    94.8303      98.61 0.0000e+00     6.7252    292.594     0.1245    -1.3877    -1.3754      13884          3  0.000e+00
     74.802    -1.3903    -1.3761   2.639793   2.644606     2.0415     0.0816    94.8303      98.61 0.0000e+00     6.7203    292.381     0.1245    -1.3900    -1.3758      13885          3  0.000e+00
     74.839    -1.3910    -1.3765   2.639865   2.644795     2.0415     0.0743    94.8303      98.63 0.0000e+00     6.7204    292.384     0.1245    -1.3907    -1.3762      13886          3  0.000e+00
     74.802    -1.3909    -1.3761   2.640136   2.645577     2.0415     0.0743    94.8303      98.61 0.0000e+00     6.7202    292.374     0.1245    -1.3906    -1.3758      13887          3  0.000e+00
     74.780    -1.3903    -1.3744   2.640485   2.646634     2.0415     0.0743    94.8303      98.61 0.0000e+00     6.7199    292.358     0.1245    -1.3900    -1.3741      13888          3  0.000e+00
     74.854    -1.3893    -1.3701   2.640762   2.647734     2.0403     0.0669    94.8043      98.61 0.0000e+00     6.7143    292.114     0.1233    -1.3890    -1.3697      13889          3  0.000e+00
     74.780    -1.3884    -1.3665   2.640922   2.648365     2.0403     0.0669    94.8043      98.61 0.0000e+00     6.7139    292.100     0.1245    -1.3880    -1.3662      13890          3  0.000e+00
     74.802    -1.3878    -1.3652   2.640767   2.648165     2.0403     0.0669    94.8043      98.61 0.0000e+00     6.7140    292.102     0.1245    -1.3875    -1.3648      13891          3  0.000e+00
     74.839    -1.3879    -1.3656   2.640551   2.647556     2.0403     0.0743    94.8043      98.61 0.0000e+00     6.7142    292.111     0.1245    -1.3876    -1.3653      13892          3  0.000e+00
     74.854    -1.3884    -1.3672   2.640230   2.646914     2.0403     0.0743    94.8043      98.61 0.0000e+00     6.7145    292.124     0.1245    -1.3880    -1.3668      13893          3  0.000e+00
     74.839    -1.3893    -1.3699   2.639737   2.646386     2.0403     0.0669    94.8043      98.63 0.0000e+00     6.7149    292.146     0.1245    -1.3890    -1.3696      13894          3  0.000e+00
     74.802    -1.3893    -1.3717   2.639953   2.645631     2.0415     0.0743    94.8043      98.63 0.0000e+00     6.7201    292.369     0.1233    -1.3890    -1.3714      13895          3  0.000e+00
     74.839    -1.3882    -1.3736   2.640983   2.644865     2.0391     0.0669    94.8043      98.63 0.0000e+00     6.7086    291.867     0.1233    -1.3878    -1.3733      13896          3  0.000e+00
     74.802    -1.3860    -1.3756   2.641454   2.644315     2.0379     0.0669    94.8043      98.63 0.0000e+00     6.7026    291.604     0.1233    -1.3856    -1.3753      13897          3  0.000e+00
     74.839    -1.3858    -1.3776   2.641188   2.643868     2.0379     0.0743    94.8043      98.63 0.0000e+00     6.7028    291.613     0.1233    -1.3855    -1.3773      13898          3  0.000e+00
     74.802    -1.3854    -1.3797   2.640889   2.643388     2.0366     0.0669    94.8303      98.63 0.0000e+00     6.6975    291.387     0.1233    -1.3851    -1.3793      13899          3  0.000e+00
     74.839    -1.3852    -1.3813   2.640462   2.642941     2.0366     0.0743    94.8043      98.63 0.0000e+00     6.6978    291.400     0.1233    -1.3849    -1.3810      13900          3  0.000e+00
     74.802    -1.3868    -1.3822   2.639942   2.642703     2.0366     0.0743    94.8043      98.61 0.0000e+00     6.6984    291.426     0.1233    -1.3865    -1.3819      13901          3  0.000e+00
     74.839    -1.3891    -1.3829   2.639466   2.642461     2.0354     0.0669    94.8043      98.63 0.0000e+00     6.6937    291.225     0.1233    -1.3888    -1.3825      13902          3  0.000e+00
     74.802    -1.3900    -1.3834   2.638663   2.642132     2.0366     0.0743    94.8043      98.61 0.0000e+00     6.6997    291.487     0.1233    -1.3897    -1.3831      13903          3  0.000e+00
     74.839    -1.3899    -1.3841   2.637467   2.641814     2.0354     0.0669    94.8043      98.63 0.0000e+00     6.6952    291.293     0.1233    -1.3895    -1.3837      13904          3  0.000e+00
     74.853    -1.3915    -1.3856   2.636842   2.641518     2.0354     0.0669    94.8043      98.63 0.0000e+00     6.6958    291.324     0.1233    -1.3912    -1.3853      13905          3  0.000e+00
     74.780    -1.3934    -1.3867   2.636820   2.641297     2.0342     0.0669    94.8043      98.63 0.0000e+00     6.6908    291.102     0.1233    -1.3930    -1.3863      13906          3  0.000e+00
     74.853    -1.3945    -1.3868   2.636560   2.640925     2.0366     0.0669    94.8043      98.63 0.0000e+00     6.7018    291.585     0.1233    -1.3942    -1.3865      13907          3  0.000e+00
     74.839    -1.3966    -1.3876   2.635763   2.640305     2.0342     0.0669    94.8303      98.63 0.0000e+00     6.6920    291.159     0.1233    -1.3963    -1.3872      13908          3  0.000e+00
     74.802    -1.3985    -1.3890   2.634916   2.639594     2.0330     0.0669    94.8043      98.61 0.0000e+00     6.6875    290.964     0.1233    -1.3982    -1.3887      13909          3  0.000e+00
     74.839    -1.4004    -1.3902   2.634181   2.638975     2.0342     0.0743    94.8043      98.61 0.0000e+00     6.6936    291.234     0.1233    -1.4001    -1.3899      13910          3  0.000e+00
     74.802    -1.4018    -1.3908   2.633456   2.638420     2.0342     0.0669    94.8303      98.61 0.0000e+00     6.6943    291.264     0.1233    -1.4015    -1.3904      13911          3  0.000e+00
     74.839    -1.4032    -1.3907   2.633273   2.638194     2.0342     0.0743    94.8563      98.61 0.0000e+00     6.6946    291.280     0.1233    -1.4029    -1.3903      13912          3  0.000e+00
     74.853    -1.4040    -1.3900   2.633677   2.638199     2.0330     0.0743    94.8563      98.61 0.0000e+00     6.6892    291.041     0.1233    -1.4037    -1.3897      13913          3  0.000e+00
     74.839    -1.4032    -1.3900   2.634319   2.638388     2.0330     0.0743    94.8563      98.63 0.0000e+00     6.6886    291.015     0.1233    -1.4029    -1.3897      13914          3  0.000e+00
     74.802    -1.4002    -1.3901   2.635154   2.638021     2.0317     0.0743    94.8824      98.63 0.0000e+00     6.6822    290.735     0.1233    -1.3998    -1.3898      13915          3  0.000e+00
     74.839    -1.3983    -1.3913   2.635946   2.636201     2.0305     0.0743    94.8563      98.63 0.0000e+00     6.6761    290.468     0.1233    -1.3980    -1.3909      13916          3  0.000e+00
     74.802    -1.3979    -1.3946   2.636134   2.634489     2.0317     0.0743    94.8563      98.63 0.0000e+00     6.6813    290.690     0.1233    -1.3975    -1.3943      13917          3  0.000e+00
     74.839    -1.3992    -1.3977   2.634933   2.633574     2.0317     0.0743    94.8563      98.63 0.0000e+00     6.6823    290.738     0.1233    -1.3989    -1.3974      13918          3  0.000e+00
     74.853    -1.4021    -1.4002   2.632609   2.632303     2.0305     0.0743    94.8824      98.61 0.0000e+00     6.6789    290.598     0.1233    -1.4018    -1.3999      13919          3  0.000e+00
     74.839    -1.4047    -1.4031   2.630630   2.630770     2.0305     0.0816    94.8563      98.61 0.0000e+00     6.6806    290.677     0.1233    -1.4044    -1.4028      13920          3  0.000e+00
     74.802    -1.4068    -1.4058   2.630032   2.629747     2.0293     0.0743    94.8563      98.63 0.0000e+00     6.6759    290.476     0.1233    -1.4065    -1.4055      13921          3  0.000e+00
     50.448    -1.5804    -1.5867   2.505018   2.501102     2.2882     0.1988    94.5441      98.63 0.0000e+00     7.9093    344.551     0.1233    -1.5801    -1.5863      14696          4  0.000e+00
     50.499    -1.5807    -1.5865   2.504486   2.500943     2.2894     0.2061    94.5180      98.61 0.0000e+00     7.9152    344.811     0.1233    -1.5804    -1.5862      14697          4  0.000e+00
     50.499    -1.5817    -1.5869   2.503948   2.500869     2.2906     0.2208    94.5180      98.61 0.0000e+00     7.9212    345.074     0.1233    -1.5813    -1.5866      14698          4  0.000e+00
     50.551    -1.5820    -1.5869   2.503665   2.500780     2.2894     0.2281    94.5180      98.63 0.0000e+00     7.9161    344.854     0.1233    -1.5816    -1.5866      14699          4  0.000e+00
     50.448    -1.5821    -1.5871   2.503839   2.500684     2.2894     0.2281    94.5180      98.63 0.0000e+00     7.9159    344.843     0.1233    -1.5817    -1.5867      14700          4  0.000e+00
     50.551    -1.5821    -1.5868   2.504002   2.500605     2.2894     0.2281    94.5180      98.63 0.0000e+00     7.9159    344.842     0.1233    -1.5817    -1.5864      14701          4  0.000e+00
     50.448    -1.5823    -1.5868   2.503709   2.500531     2.2906     0.2281    94.5180      98.63 0.0000e+00     7.9215    345.085     0.1233    -1.5819    -1.5864      14702          4  0.000e+00
     50.551    -1.5824    -1.5871   2.503578   2.500473     2.2906     0.2281    94.5180      98.61 0.0000e+00     7.9217    345.096     0.1233    -1.5820    -1.5867      14703          4  0.000e+00
     50.499    -1.5826    -1.5869   2.503807   2.500447     2.2906     0.2281    94.5180      98.63 0.0000e+00     7.9215    345.086     0.1233    -1.5822    -1.5866      14704          4  0.000e+00
     50.448    -1.5821    -1.5869   2.504067   2.500420     2.2906     0.2281    94.5441      98.63 0.0000e+00     7.9211    345.071     0.1233    -1.5818    -1.5866      14705          4  0.000e+00
     50.551    -1.5818    -1.5872   2.504241   2.500378     2.2918     0.2281    94.5180      98.63 0.0000e+00     7.9265    345.302     0.1233    -1.5814    -1.5868      14706          4  0.000e+00
     50.499    -1.5818    -1.5871   2.504518   2.500367     2.2930     0.2281    94.5180      98.63 0.0000e+00     7.9316    345.525     0.1233    -1.5814    -1.5867      14707          4  0.000e+00
     50.499    -1.5820    -1.5868   2.504708   2.500367     2.2930     0.2281    94.5180      98.63 0.0000e+00     7.9315    345.519     0.1233    -1.5816    -1.5864      14708          4  0.000e+00
