template/raw/Sta0001.ros
* Sea-Bird SBE 9 Data File:
* FileName = C:\Seabird\CTDDATA\Sta0001.hdr
* Software Version Seasave V 7.26.7.107
* Temperature SN = 5884
* Conductivity SN = 2860
* Number of Bytes Per Scan = 44
* Number of Voltage Words = 5
* Number of Scans Averaged by the Deck Unit = 1
* NMEA Latitude = 81 16.09 N
* NMEA Longitude = 009 47.15 W
* NMEA UTC (Time) = Jan 01 2000 06:43:32
* NMEA baud rate = 9600
** Ship name [platform code]: Kronprins Haakon [9566] "" 
** Station: 0001
** Cruise: 2000xxxxxx 
** Echodepth [m]: 151
** Log [Nm]: 1637.09
** Wind-Dir [deg T] Force [m/s]: 20 05
** Airtemp (dry) [degC]: 1.1
** Air pressure [mBar]: 1014.9
** CTD-snr, rosette-snr, deckunit-snr: 09-1346, 32-1222, 11-1121 
** Moonpool(M)/Skuteside(S): S
** Cruise name: TEST 2000 
# nquan = 18
# nvalues = 343                                   
# units = specified
# name 0 = prDM: Pressure, Digiquartz [db]
# name 1 = t068C: Temperature [IPTS-68, deg C]
# name 2 = t168C: Temperature, 2 [IPTS-68, deg C]
# name 3 = c0S/m: Conductivity [S/m]
# name 4 = c1S/m: Conductivity, 2 [S/m]
# name 5 = sbeox0V: Oxygen raw, SBE 43 [V]
# name 6 = flECO-AFL: Fluorescence, WET Labs ECO-AFL/FL [mg/m^3]
# name 7 = CStarTr0: Beam Transmission, WET Labs C-Star [%]
# name 8 = altM: Altimeter [m]
# name 9 = spar: SPAR, Biospherical/Licor [umol photons/m^2/sec]
# name 10 = sbeox0ML/L: Oxygen, SBE 43 [ml/l]
# name 11 = sbox0Mm/Kg: Oxygen, SBE 43 [umol/kg]
# name 12 = wetCDOM: Fluorescence, WET Labs CDOM [mg/m^3]
# name 13 = t090C: Temperature [ITS-90, deg C]
# name 14 = t190C: Temperature, 2 [ITS-90, deg C]
# name 15 = scan: Scan Count
# name 16 = nbf: Bottles Fired
# name 17 = flag:  0.000e+00
# interval = seconds: 0.0416667
# start_time = Jan 01 2000 06:43:34 [System UTC, first data scan.]
# bad_flag = -9.990e-29
*END*
[from data line 322]
      5.479    -1.3552    -1.3577   2.434958   2.434895     2.5018     0.4113    93.1388      98.63 0.0000e+00     8.8138    384.311     0.1123    -1.3549    -1.3573      17117          7  0.000e+00
      5.428    -1.3552    -1.3569   2.434953   2.434858     2.5018     0.4113    93.1128      98.63 0.0000e+00     8.8138    384.309     0.1123    -1.3549    -1.3565      17118          7  0.000e+00
      5.479    -1.3554    -1.3574   2.434953   2.434848     2.5018     0.4113    93.1388      98.63 0.0000e+00     8.8139    384.313     0.1123    -1.3550    -1.3570      17119          7  0.000e+00
      5.428    -1.3561    -1.3582   2.434931   2.434910     2.5031     0.4113    93.1388      98.63 0.0000e+00     8.8194    384.552     0.1123    -1.3558    -1.3579      17120          7  0.000e+00
      5.479    -1.3561    -1.3587   2.434926   2.434900     2.5018     0.4113    93.1388      98.61 0.0000e+00     8.8141    384.321     0.1123    -1.3558    -1.3584      17121          7  0.000e+00
      5.428    -1.3560    -1.3582   2.434942   2.434874     2.5006     0.4113    93.1128      98.63 0.0000e+00     8.8086    384.081     0.1123    -1.3556    -1.3578      17122          7  0.000e+00
      5.479    -1.3560    -1.3569   2.434953   2.434895     2.5031     0.4113    93.1128      98.61 0.0000e+00     8.8194    384.553     0.1123    -1.3556    -1.3565      17123          7  0.000e+00
      5.479    -1.3555    -1.3567   2.434953   2.434895     2.5018     0.4113    93.1128      98.61 0.0000e+00     8.8139    384.314     0.1123    -1.3552    -1.3564      17124          7  0.000e+00
      5.428    -1.3551    -1.3563   2.434931   2.434874     2.5018     0.4113    93.0868      98.63 0.0000e+00     8.8138    384.308     0.1123    -1.3548    -1.3560      17125          7  0.000e+00
      5.479    -1.3543    -1.3550   2.434926   2.434858     2.5006     0.4113    93.1128      98.63 0.0000e+00     8.8083    384.070     0.1123    -1.3540    -1.3547      17126          7  0.000e+00
      5.428    -1.3547    -1.3542   2.434926   2.434884     2.5018     0.4113    93.1128      98.63 0.0000e+00     8.8137    384.306     0.1123    -1.3544    -1.3539      17127          7  0.000e+00
      5.479    -1.3549    -1.3533   2.434910   2.434874     2.5018     0.4113    93.0868      98.63 0.0000e+00     8.8138    384.310     0.1123    -1.3546    -1.3530      17128          7  0.000e+00
      5.479    -1.3543    -1.3535   2.434883   2.434905     2.5018     0.4113    93.0868      98.63 0.0000e+00     8.8137    384.306     0.1123    -1.3540    -1.3532      17129          7  0.000e+00
      5.428    -1.3540    -1.3538   2.434861   2.434889     2.5018     0.4113    93.1128      98.63 0.0000e+00     8.8136    384.301     0.1123    -1.3536    -1.3535      17130          7  0.000e+00
      5.479    -1.3539    -1.3540   2.434856   2.434869     2.5018     0.4479    93.1128      98.63 0.0000e+00     8.8136    384.303     0.1123    -1.3535    -1.3537      17131          7  0.000e+00
      5.428    -1.3545    -1.3538   2.434856   2.434853     2.5031     0.4772    93.0868      98.63 0.0000e+00     8.8191    384.541     0.1123    -1.3542    -1.3535      17132          7  0.000e+00
      5.501    -1.3544    -1.3535   2.434856   2.434910     2.5031     0.4772    93.0868      98.63 0.0000e+00     8.8192    384.544     0.1123    -1.3541    -1.3532      17133          7  0.000e+00
      5.479    -1.3541    -1.3530   2.434856   2.434884     2.5031     0.4845    93.0868      98.63 0.0000e+00     8.8191    384.541     0.1123    -1.3538    -1.3527      17134          7  0.000e+00
      5.428    -1.3542    -1.3535   2.434856   2.434869     2.5018     0.4772    93.1128      98.63 0.0000e+00     8.8136    384.304     0.1123    -1.3539    -1.3532      17135          7  0.000e+00
      5.428    -1.3540    -1.3532   2.434888   2.434895     2.5031     0.4772    93.1128      98.63 0.0000e+00     8.8190    384.535     0.1123    -1.3536    -1.3528      17136          7  0.000e+00
      5.479    -1.3540    -1.3510   2.434883   2.434916     2.5018     0.4772    93.1128      98.63 0.0000e+00     8.8136    384.303     0.1123    -1.3536    -1.3507      17137          7  0.000e+00
