template/raw/Sta0001.ros
* Sea-Bird SBE 9 Data File:
* FileName = C:\Seabird\CTDDATA\Sta0001.hdr
* Software Version Seasave V 7.26.7.107
* Temperature SN = 5884
* Conductivity SN = 2860
* Number of Bytes Per Scan = 44
* Number of Voltage Words = 5
* Number of Scans Averaged by the Deck Unit = 1
* NMEA Latitude = 81 16.09 N
* NMEA Longitude = 009 47.15 W
* NMEA UTC (Time) = Jan 01 2000 06:43:32
* NMEA baud rate = 9600
** Ship name [platform code]: Kronprins Haakon [9566] "" 
** Station: 0001
** Cruise: 2000xxxxxx 
** Echodepth [m]: 151
** Log [Nm]: 1637.09
** Wind-Dir [deg T] Force [m/s]: 20 05
** Airtemp (dry) [degC]: 1.1
** Air pressure [mBar]: 1014.9
** CTD-snr, rosette-snr, deckunit-snr: 09-1346, 32-1222, 11-1121 
** Moonpool(M)/Skuteside(S): S
** Cruise name: TEST 2000 
# nquan = 18
# nvalues = 343                                   
# units = specified
# name 0 = prDM: Pressure, Digiquartz [db]
# name 1 = t068C: Temperature [IPTS-68, deg C]
# name 2 = t168C: Temperature, 2 [IPTS-68, deg C]
# name 3 = c0S/m: Conductivity [S/m]
# name 4 = c1S/m: Conductivity, 2 [S/m]
# name 5 = sbeox0V: Oxygen raw, SBE 43 [V]
# name 6 = flECO-AFL: Fluorescence, WET Labs ECO-AFL/FL [mg/m^3]
# name 7 = CStarTr0: Beam Transmission, WET Labs C-Star [%]
# name 8 = altM: Altimeter [m]
# name 9 = spar: SPAR, Biospherical/Licor [umol photons/m^2/sec]
# name 10 = sbeox0ML/L: Oxygen, SBE 43 [ml/l]
# name 11 = sbox0Mm/Kg: Oxygen, SBE 43 [umol/kg]
# name 12 = wetCDOM: Fluorescence, WET Labs CDOM [mg/m^3]
# name 13 = t090C: Temperature [ITS-90, deg C]
# name 14 = t190C: Temperature, 2 [ITS-90, deg C]
# name 15 = scan: Scan Count
# name 16 = nbf: Bottles Fired
# name 17 = flag:  0.000e+00
# interval = seconds: 0.0416667
# start_time = Jan 01 2000 06:43:34 [System UTC, first data scan.]
# bad_flag = -9.990e-29
*END*
    150.824    -0.4868    -0.4870   2.805412   2.805260     2.0171     0.0450    94.1017       5.89 0.0000e+00     6.4434    280.076     0.1136    -0.4867    -0.4869      11278          1  0.000e+00
    150.927    -0.4870    -0.4871   2.805378   2.805205     2.0159     0.0450    94.1017       5.89 0.0000e+00     6.4383    279.856     0.1136    -0.4869    -0.4870      11279          1  0.000e+00
    150.853    -0.4872    -0.4873   2.805384   2.805194     2.0171     0.0450    94.1017       5.89 0.0000e+00     6.4435    280.080     0.1136    -0.4871    -0.4872      11280          1  0.000e+00
    150.875    -0.4868    -0.4876   2.805384   2.805216     2.0171     0.0450    94.1017       5.89 0.0000e+00     6.4434    280.079     0.1136    -0.4867    -0.4875      11281          1  0.000e+00
    150.875    -0.4867    -0.4873   2.805367   2.805200     2.0171     0.0450    94.1017       5.86 0.0000e+00     6.4434    280.079     0.1136    -0.4866    -0.4872      11282          1  0.000e+00
    150.927    -0.4868    -0.4876   2.805423   2.805216     2.0159     0.0450    94.0756       5.89 0.0000e+00     6.4383    279.854     0.1136    -0.4867    -0.4874      11283          1  0.000e+00
    150.927    -0.4870    -0.4874   2.805384   2.805244     2.0147     0.0450    94.0236       5.86 0.0000e+00     6.4331    279.630     0.1136    -0.4869    -0.4873      11284          1  0.000e+00
    150.912    -0.4870    -0.4871   2.805406   2.805249     2.0171     0.0450    94.0236       5.81 0.0000e+00     6.4435    280.081     0.1136    -0.4869    -0.4870      11285          1  0.000e+00
    150.927    -0.4872    -0.4873   2.805429   2.805249     2.0171     0.0450    94.0236       5.81 0.0000e+00     6.4435    280.082     0.1136    -0.4871    -0.4872      11286          1  0.000e+00
    150.927    -0.4868    -0.4872   2.805440   2.805249     2.0171     0.0450    94.0236       5.81 0.0000e+00     6.4435    280.079     0.1136    -0.4867    -0.4870      11287          1  0.000e+00
    150.985    -0.4870    -0.4871   2.805406   2.805249     2.0159     0.0376    94.0236       5.79 0.0000e+00     6.4384    279.858     0.1136    -0.4869    -0.4870      11288          1  0.000e+00
    150.927    -0.4868    -0.4873   2.805395   2.805233     2.0171     0.0450    94.0236       5.79 0.0000e+00     6.4435    280.081     0.1136    -0.4867    -0.4872      11289          1  0.000e+00
    150.985    -0.4870    -0.4871   2.805384   2.805222     2.0183     0.0450    94.0236       5.74 0.0000e+00     6.4488    280.310     0.1136    -0.4869    -0.4870      11290          1  0.000e+00
    150.963    -0.4873    -0.4871   2.805350   2.805244     2.0171     0.0450    94.0236       5.71 0.0000e+00     6.4436    280.086     0.1136    -0.4872    -0.4870      11291          1  0.000e+00
    150.926    -0.4872    -0.4870   2.805299   2.805205     2.0171     0.0376    94.0236       5.74 0.0000e+00     6.4436    280.085     0.1136    -0.4871    -0.4869      11292          1  0.000e+00
    150.985    -0.4875    -0.4873   2.805304   2.805216     2.0171     0.0450    94.0236       5.71 0.0000e+00     6.4437    280.089     0.1136    -0.4873    -0.4872      11293          1  0.000e+00
    150.985    -0.4875    -0.4873   2.805304   2.805222     2.0159     0.0450    94.0236       5.74 0.0000e+00     6.4385    279.863     0.1136    -0.4873    -0.4872      11294          1  0.000e+00
    150.985    -0.4877    -0.4873   2.805253   2.805222     2.0171     0.0450    94.0236       5.71 0.0000e+00     6.4438    280.092     0.1136    -0.4876    -0.4872      11295          1  0.000e+00
    150.985    -0.4876    -0.4873   2.805236   2.805222     2.0159     0.0450    94.0236       5.74 0.0000e+00     6.4386    279.867     0.1136    -0.4875    -0.4872      11296          1  0.000e+00
    151.022    -0.4877    -0.4873   2.805236   2.805200     2.0159     0.0376    94.0236       5.74 0.0000e+00     6.4386    279.869     0.1136    -0.4876    -0.4872      11297          1  0.000e+00
    150.985    -0.4879    -0.4873   2.805253   2.805194     2.0159     0.0376    94.0236       5.74 0.0000e+00     6.4386    279.868     0.1123    -0.4878    -0.4872      11298          1  0.000e+00
    150.985    -0.4880    -0.4873   2.805214   2.805194     2.0147     0.0303    94.0236       5.71 0.0000e+00     6.4334    279.644     0.1123    -0.4879    -0.4872      11299          1  0.000e+00
    150.985    -0.4882    -0.4872   2.805248   2.805216     2.0159     0.0303    94.0236       5.69 0.0000e+00     6.4386    279.870     0.1123    -0.4881    -0.4870      11300          1  0.000e+00
    150.985    -0.4879    -0.4873   2.805265   2.805244     2.0171     0.0376    94.0236       5.67 0.0000e+00     6.4438    280.093     0.1123    -0.4878    -0.4872      11301          1  0.000e+00
    151.022    -0.4879    -0.4874   2.805282   2.805233     2.0159     0.0376    94.0236       5.67 0.0000e+00     6.4386    279.868     0.1123    -0.4878    -0.4873      11302          1  0.000e+00
    151.036    -0.4877    -0.4874   2.805316   2.805244     2.0159     0.0376    94.0236       5.67 0.0000e+00     6.4386    279.867     0.1123    -0.4876    -0.4873      11303          1  0.000e+00
    151.036    -0.4876    -0.4873   2.805293   2.805194     2.0147     0.0303    94.0236       5.69 0.0000e+00     6.4334    279.641     0.1123    -0.4875    -0.4872      11304          1  0.000e+00
    151.036    -0.4877    -0.4873   2.805287   2.805227     2.0159     0.0376    94.0236       5.69 0.0000e+00     6.4386    279.868     0.1123    -0.4876    -0.4872      11305          1  0.000e+00
    151.036    -0.4876    -0.4873   2.805304   2.805233     2.0147     0.0303    94.0236       5.69 0.0000e+00     6.4334    279.640     0.1123    -0.4875    -0.4872      11306          1  0.000e+00
    151.036    -0.4877    -0.4873   2.805265   2.805244     2.0159     0.0376    94.0236       5.69 0.0000e+00     6.4386    279.868     0.1123    -0.4876    -0.4872      11307          1  0.000e+00
    151.073    -0.4877    -0.4873   2.805276   2.805249     2.0159     0.0376    94.0236       5.69 0.0000e+00     6.4386    279.869     0.1123    -0.4876    -0.4872      11308          1  0.000e+00
    151.095    -0.4875    -0.4874   2.805304   2.805227     2.0159     0.0376    94.0236       5.67 0.0000e+00     6.4386    279.868     0.1123    -0.4873    -0.4873      11309          1  0.000e+00
    151.036    -0.4875    -0.4874   2.805316   2.805205     2.0159     0.0376    94.0496       5.67 0.0000e+00     6.4385    279.865     0.1123    -0.4873    -0.4873      11310          1  0.000e+00
    151.095    -0.4872    -0.4873   2.805316   2.805233     2.0159     0.0376    94.0236       5.67 0.0000e+00     6.4385    279.866     0.1123    -0.4871    -0.4872      11311          1  0.000e+00
    150.985    -0.4875    -0.4874   2.805304   2.805249     2.0147     0.0376    94.0236       5.67 0.0000e+00     6.4333    279.638     0.1123    -0.4873    -0.4873      11312          1  0.000e+00
    151.073    -0.4872    -0.4872   2.805287   2.805211     2.0147     0.0376    94.0236       5.69 0.0000e+00     6.4333    279.640     0.1123    -0.4871    -0.4870      11313          1  0.000e+00
    151.036    -0.4875    -0.4873   2.805327   2.805216     2.0159     0.0376    94.0236       5.67 0.0000e+00     6.4385    279.865     0.1123    -0.4873    -0.4872      11314          1  0.000e+00
    150.985    -0.4872    -0.4874   2.805378   2.805222     2.0159     0.0376    94.0236       5.69 0.0000e+00     6.4384    279.860     0.1123    -0.4871    -0.4873      11315          1  0.000e+00
    151.036    -0.4873    -0.4873   2.805344   2.805244     2.0147     0.0303    94.0236       5.69 0.0000e+00     6.4333    279.637     0.1123    -0.4872    -0.4872      11316          1  0.000e+00
    151.036    -0.4875    -0.4873   2.805355   2.805233     2.0147     0.0376    94.0236       5.69 0.0000e+00     6.4333    279.638     0.1123    -0.4873    -0.4872      11317          1  0.000e+00
    150.985    -0.4873    -0.4873   2.805367   2.805244     2.0159     0.0376    94.0236       5.67 0.0000e+00     6.4384    279.861     0.1123    -0.4872    -0.4872      11318          1  0.000e+00
    151.021    -0.4875    -0.4872   2.805384   2.805211     2.0171     0.0376    94.0236       5.64 0.0000e+00     6.4437    280.088     0.1123    -0.4873    -0.4870      11319          1  0.000e+00
    150.984    -0.4870    -0.4873   2.805384   2.805216     2.0159     0.0376    94.0236       5.64 0.0000e+00     6.4384    279.858     0.1123    -0.4869    -0.4872      11320          1  0.000e+00
    150.984    -0.4873    -0.4873   2.805350   2.805266     2.0159     0.0303    94.0236       5.64 0.0000e+00     6.4384    279.861     0.1123    -0.4872    -0.4872      11321          1  0.000e+00
    150.984    -0.4872    -0.4876   2.805361   2.805255     2.0159     0.0376    94.0236       5.64 0.0000e+00     6.4384    279.860     0.1123    -0.4871    -0.4874      11322          1  0.000e+00
    151.036    -0.4873    -0.4871   2.805350   2.805249     2.0159     0.0376    94.0236       5.62 0.0000e+00     6.4385    279.863     0.1123    -0.4872    -0.4870      11323          1  0.000e+00
    151.021    -0.4872    -0.4874   2.805361   2.805249     2.0159     0.0376    94.0236       5.59 0.0000e+00     6.4384    279.861     0.1123    -0.4871    -0.4873      11324          1  0.000e+00
    151.036    -0.4873    -0.4873   2.805333   2.805233     2.0159     0.0450    94.0496       5.59 0.0000e+00     6.4385    279.864     0.1123    -0.4872    -0.4872      11325          1  0.000e+00
    150.984    -0.4873    -0.4873   2.805378   2.805222     2.0159     0.0450    94.0496       5.57 0.0000e+00     6.4384    279.860     0.1136    -0.4872    -0.4872      11326          1  0.000e+00
    100.278    -0.7595    -0.7640   2.754122   2.753770     2.0342     0.0450    94.2578      98.61 0.0000e+00     6.5429    284.479     0.1172    -0.7593    -0.7638      12952          2  0.000e+00
    100.175    -0.7608    -0.7646   2.753892   2.753633     2.0354     0.0450    94.2838      98.61 0.0000e+00     6.5484    284.717     0.1172    -0.7606    -0.7645      12953          2  0.000e+00
    100.278    -0.7617    -0.7633   2.753729   2.754158     2.0354     0.0450    94.2578      98.63 0.0000e+00     6.5487    284.732     0.1172    -0.7615    -0.7631      12954          2  0.000e+00
    100.227    -0.7624    -0.7610   2.753605   2.754547     2.0354     0.0450    94.2578      98.61 0.0000e+00     6.5488    284.737     0.1172    -0.7622    -0.7608      12955          2  0.000e+00
    100.190    -0.7629    -0.7604   2.753515   2.754454     2.0354     0.0450    94.2838      98.61 0.0000e+00     6.5490    284.742     0.1172    -0.7628    -0.7602      12956          2  0.000e+00
    100.278    -0.7634    -0.7619   2.753420   2.753726     2.0354     0.0450    94.2578      98.61 0.0000e+00     6.5492    284.751     0.1172    -0.7632    -0.7617      12957          2  0.000e+00
    100.175    -0.7642    -0.7653   2.753262   2.752791     2.0354     0.0376    94.2578      98.63 0.0000e+00     6.5493    284.757     0.1172    -0.7640    -0.7651      12958          2  0.000e+00
    100.278    -0.7653    -0.7686   2.753093   2.752140     2.0354     0.0450    94.2578      98.61 0.0000e+00     6.5496    284.772     0.1172    -0.7651    -0.7685      12959          2  0.000e+00
    100.278    -0.7660    -0.7702   2.752914   2.752337     2.0354     0.0450    94.2318      98.63 0.0000e+00     6.5499    284.783     0.1172    -0.7658    -0.7700      12960          2  0.000e+00
    100.227    -0.7673    -0.7668   2.752649   2.753321     2.0366     0.0450    94.2578      98.61 0.0000e+00     6.5554    285.024     0.1172    -0.7671    -0.7666      12961          2  0.000e+00
    100.227    -0.7690    -0.7650   2.752138   2.753808     2.0354     0.0450    94.2578      98.63 0.0000e+00     6.5507    284.823     0.1172    -0.7688    -0.7648      12962          2  0.000e+00
    100.227    -0.7716    -0.7652   2.751626   2.753874     2.0342     0.0450    94.2578      98.63 0.0000e+00     6.5462    284.627     0.1172    -0.7714    -0.7650      12963          2  0.000e+00
    100.227    -0.7728    -0.7659   2.751823   2.753737     2.0366     0.0450    94.2578      98.61 0.0000e+00     6.5567    285.083     0.1172    -0.7726    -0.7657      12964          2  0.000e+00
    100.227    -0.7713    -0.7674   2.752357   2.753135     2.0354     0.0450    94.2578      98.63 0.0000e+00     6.5509    284.830     0.1172    -0.7711    -0.7672      12965          2  0.000e+00
    100.278    -0.7702    -0.7713   2.752610   2.752178     2.0354     0.0450    94.2578      98.61 0.0000e+00     6.5507    284.818     0.1160    -0.7700    -0.7711      12966          2  0.000e+00
    100.227    -0.7695    -0.7743   2.752717   2.751785     2.0354     0.0450    94.2578      98.63 0.0000e+00     6.5505    284.808     0.1160    -0.7693    -0.7741      12967          2  0.000e+00
    100.175    -0.7688    -0.7759   2.752835   2.751779     2.0366     0.0450    94.2578      98.61 0.0000e+00     6.5555    285.025     0.1160    -0.7686    -0.7757      12968          2  0.000e+00
    100.278    -0.7685    -0.7765   2.752947   2.752386     2.0366     0.0450    94.2578      98.61 0.0000e+00     6.5554    285.024     0.1160    -0.7684    -0.7763      12969          2  0.000e+00
    100.227    -0.7680    -0.7716   2.753099   2.753316     2.0354     0.0450    94.2578      98.63 0.0000e+00     6.5500    284.787     0.1160    -0.7678    -0.7714      12970          2  0.000e+00
    100.227    -0.7669    -0.7662   2.753211   2.754290     2.0342     0.0450    94.2578      98.63 0.0000e+00     6.5445    284.550     0.1160    -0.7667    -0.7660      12971          2  0.000e+00
    100.227    -0.7661    -0.7614   2.753358   2.754990     2.0354     0.0376    94.2578      98.63 0.0000e+00     6.5496    284.768     0.1160    -0.7659    -0.7613      12972          2  0.000e+00
    100.242    -0.7660    -0.7579   2.753414   2.755340     2.0354     0.0376    94.2578      98.63 0.0000e+00     6.5495    284.766     0.1160    -0.7658    -0.7577      12973          2  0.000e+00
    100.227    -0.7660    -0.7557   2.753290   2.755586     2.0354     0.0450    94.2578      98.61 0.0000e+00     6.5496    284.769     0.1160    -0.7658    -0.7556      12974          2  0.000e+00
    100.278    -0.7663    -0.7545   2.753301   2.755701     2.0342     0.0376    94.2578      98.63 0.0000e+00     6.5444    284.546     0.1160    -0.7661    -0.7543      12975          2  0.000e+00
    100.227    -0.7644    -0.7534   2.753886   2.755740     2.0342     0.0450    94.2578      98.61 0.0000e+00     6.5438    284.515     0.1160    -0.7643    -0.7533      12976          2  0.000e+00
    100.227    -0.7616    -0.7520   2.754612   2.755948     2.0342     0.0450    94.2578      98.63 0.0000e+00     6.5429    284.475     0.1160    -0.7614    -0.7518      12977          2  0.000e+00
    100.278    -0.7590    -0.7512   2.755219   2.756249     2.0342     0.0450    94.2578      98.61 0.0000e+00     6.5422    284.443     0.1160    -0.7588    -0.7511      12978          2  0.000e+00
    100.227    -0.7566    -0.7502   2.755416   2.756369     2.0354     0.0450    94.2578      98.61 0.0000e+00     6.5469    284.647     0.1160    -0.7564    -0.7500      12979          2  0.000e+00
    100.227    -0.7555    -0.7497   2.755455   2.756342     2.0354     0.0450    94.2318      98.61 0.0000e+00     6.5467    284.639     0.1160    -0.7554    -0.7495      12980          2  0.000e+00
    100.278    -0.7552    -0.7497   2.755427   2.756407     2.0342     0.0450    94.2318      98.63 0.0000e+00     6.5415    284.413     0.1160    -0.7550    -0.7495      12981          2  0.000e+00
    100.227    -0.7551    -0.7493   2.755433   2.756533     2.0342     0.0450    94.2578      98.63 0.0000e+00     6.5414    284.410     0.1160    -0.7549    -0.7491      12982          2  0.000e+00
