template/raw/Sta0001.ros
* Sea-Bird SBE 9 Data File:
* FileName = C:\Seabird\CTDDATA\Sta0001.hdr
* Software Version Seasave V 7.26.7.107
* Temperature SN = 5884
* Conductivity SN = 2860
* Number of Bytes Per Scan = 44
* Number of Voltage Words = 5
* Number of Scans Averaged by the Deck Unit = 1
* NMEA Latitude = 81 16.09 N
* NMEA Longitude = 009 47.15 W
* NMEA UTC (Time) = Jan 01 2000 06:43:32
* NMEA baud rate = 9600
** Ship name [platform code]: Kronprins Haakon [9566] "" 
** Station: 0001
** Cruise: 2000xxxxxx 
** Echodepth [m]: 151
** Log [Nm]: 1637.09
** Wind-Dir [deg T] Force [m/s]: 20 05
** Airtemp (dry) [degC]: 1.1
** Air pressure [mBar]: 1014.9
** CTD-snr, rosette-snr, deckunit-snr: 09-1346, 32-1222, 11-1121 
** Moonpool(M)/Skuteside(S): S
** Cruise name: TEST 2000 
# nquan = 18
# nvalues = 343                                   
# units = specified
# name 0 = prDM: Pressure, Digiquartz [db]
# name 1 = t068C: Temperature [IPTS-68, deg C]
# name 2 = t168C: Temperature, 2 [IPTS-68, deg C]
# name 3 = c0S/m: Conductivity [S/m]
# name 4 = c1S/m: Conductivity, 2 [S/m]
# name 5 = sbeox0V: Oxygen raw, SBE 43 [V]
# name 6 = flECO-AFL: Fluorescence, WET Labs ECO-AFL/FL [mg/m^3]
# name 7 = CStarTr0: Beam Transmission, WET Labs C-Star [%]
# name 8 = altM: Altimeter [m]
# name 9 = spar: SPAR, Biospherical/Licor [umol photons/m^2/sec]
# name 10 = sbeox0ML/L: Oxygen, SBE 43 [ml/l]
# name 11 = sbox0Mm/Kg: Oxygen, SBE 43 [umol/kg]
# name 12 = wetCDOM: Fluorescence, WET Labs CDOM [mg/m^3]
# name 13 = t090C: Temperature [ITS-90, deg C]
# name 14 = t190C: Temperature, 2 [ITS-90, deg C]
# name 15 = scan: Scan Count
# name 16 = nbf: Bottles Fired
# name 17 = flag:  0.000e+00
# interval = seconds: 0.0416667
# start_time = Jan 01 2000 06:43:34 [System UTC, first data scan.]
# bad_flag = -9.990e-29
*END*
[from data line 242]
     24.541    -1.4227    -1.4093   2.438842   2.438397     2.4957     0.4699    93.3990      98.61 0.0000e+00     8.8208    384.580     0.1123    -1.4224    -1.4089      15866          5  0.000e+00
     24.505    -1.4225    -1.4093   2.438853   2.438355     2.4957     0.4699    93.3990      98.61 0.0000e+00     8.8207    384.576     0.1123    -1.4222    -1.4089      15867          5  0.000e+00
     24.600    -1.4229    -1.4091   2.438864   2.438387     2.4969     0.4699    93.3990      98.63 0.0000e+00     8.8263    384.820     0.1123    -1.4226    -1.4088      15868          5  0.000e+00
     15.499    -1.3934    -1.3876   2.437102   2.436426     2.4957     0.5065    93.2949      98.63 0.0000e+00     8.8052    383.915     0.1111    -1.3930    -1.3872      16444          6  0.000e+00
     15.499    -1.3938    -1.3883   2.437112   2.436499     2.4982     0.5065    93.2949      98.63 0.0000e+00     8.8161    384.388     0.1111    -1.3935    -1.3880      16445          6  0.000e+00
     15.440    -1.3935    -1.3890   2.437096   2.436552     2.4969     0.5065    93.2949      98.63 0.0000e+00     8.8105    384.148     0.1111    -1.3932    -1.3887      16446          6  0.000e+00
     15.469    -1.3935    -1.3895   2.437048   2.436547     2.4969     0.5065    93.2949      98.63 0.0000e+00     8.8106    384.152     0.1111    -1.3932    -1.3891      16447          6  0.000e+00
     15.499    -1.3934    -1.3895   2.437021   2.436541     2.4982     0.5065    93.2689      98.63 0.0000e+00     8.8160    384.388     0.1111    -1.3930    -1.3891      16448          6  0.000e+00
     15.440    -1.3929    -1.3891   2.436994   2.436468     2.4994     0.5065    93.2949      98.63 0.0000e+00     8.8213    384.617     0.1111    -1.3926    -1.3888      16449          6  0.000e+00
     15.499    -1.3927    -1.3888   2.436973   2.436368     2.4982     0.5138    93.2949      98.61 0.0000e+00     8.8159    384.385     0.1111    -1.3924    -1.3885      16450          6  0.000e+00
     15.440    -1.3924    -1.3885   2.436913   2.436279     2.4969     0.5285    93.2949      98.63 0.0000e+00     8.8105    384.146     0.1111    -1.3921    -1.3882      16451          6  0.000e+00
     15.469    -1.3923    -1.3878   2.436929   2.436164     2.4969     0.5431    93.2949      98.61 0.0000e+00     8.8105    384.146     0.1111    -1.3919    -1.3874      16452          6  0.000e+00
     15.498    -1.3919    -1.3867   2.436908   2.436133     2.4982     0.5358    93.2949      98.63 0.0000e+00     8.8158    384.380     0.1111    -1.3915    -1.3863      16453          6  0.000e+00
     15.440    -1.3915    -1.3859   2.436876   2.436112     2.4994     0.5358    93.2689      98.61 0.0000e+00     8.8211    384.610     0.1111    -1.3912    -1.3856      16454          6  0.000e+00
     15.498    -1.3915    -1.3853   2.436833   2.436070     2.4982     0.5358    93.2689      98.63 0.0000e+00     8.8158    384.380     0.1111    -1.3912    -1.3850      16455          6  0.000e+00
     15.498    -1.3913    -1.3853   2.436822   2.436096     2.4969     0.5358    93.2689      98.61 0.0000e+00     8.8104    384.143     0.1111    -1.3909    -1.3850      16456          6  0.000e+00
     15.440    -1.3911    -1.3848   2.436843   2.436091     2.4969     0.5358    93.2689      98.63 0.0000e+00     8.8102    384.137     0.1111    -1.3908    -1.3845      16457          6  0.000e+00
     15.469    -1.3911    -1.3848   2.436811   2.436065     2.4982     0.5358    93.2689      98.63 0.0000e+00     8.8157    384.375     0.1111    -1.3908    -1.3845      16458          6  0.000e+00
     15.498    -1.3905    -1.3850   2.436725   2.436096     2.4982     0.5358    93.2949      98.63 0.0000e+00     8.8157    384.375     0.1111    -1.3901    -1.3846      16459          6  0.000e+00
     15.440    -1.3905    -1.3851   2.436704   2.436049     2.4957     0.5358    93.2949      98.63 0.0000e+00     8.8049    383.903     0.1111    -1.3902    -1.3848      16460          6  0.000e+00
     15.498    -1.3903    -1.3854   2.436704   2.436018     2.4969     0.5358    93.2949      98.63 0.0000e+00     8.8103    384.139     0.1111    -1.3900    -1.3851      16461          6  0.000e+00
     15.498    -1.3902    -1.3851   2.436720   2.436086     2.4957     0.5358    93.2949      98.63 0.0000e+00     8.8048    383.902     0.1111    -1.3898    -1.3848      16462          6  0.000e+00
     15.469    -1.3902    -1.3853   2.436709   2.436049     2.4982     0.5358    93.2689      98.63 0.0000e+00     8.8156    384.371     0.1111    -1.3898    -1.3850      16463          6  0.000e+00
     15.440    -1.3900    -1.3851   2.436666   2.436033     2.4994     0.5358    93.2949      98.63 0.0000e+00     8.8210    384.606     0.1111    -1.3897    -1.3848      16464          6  0.000e+00
     15.498    -1.3896    -1.3851   2.436617   2.436054     2.4982     0.5358    93.2949      98.63 0.0000e+00     8.8156    384.371     0.1123    -1.3892    -1.3848      16465          6  0.000e+00
     15.440    -1.3894    -1.3847   2.436607   2.436023     2.4982     0.5358    93.2949      98.63 0.0000e+00     8.8155    384.367     0.1123    -1.3891    -1.3843      16466          6  0.000e+00
     15.498    -1.3889    -1.3845   2.436574   2.436012     2.4982     0.5358    93.2689      98.63 0.0000e+00     8.8155    384.367     0.1123    -1.3886    -1.3842      16467          6  0.000e+00
     15.498    -1.3888    -1.3841   2.436542   2.435997     2.4982     0.5358    93.2949      98.63 0.0000e+00     8.8155    384.368     0.1123    -1.3885    -1.3837      16468          6  0.000e+00
     15.469    -1.3882    -1.3842   2.436424   2.435965     2.4982     0.5358    93.2689      98.63 0.0000e+00     8.8154    384.366     0.1123    -1.3879    -1.3839      16469          6  0.000e+00
     15.498    -1.3878    -1.3839   2.436338   2.435960     2.4969     0.5358    93.2949      98.63 0.0000e+00     8.8100    384.132     0.1123    -1.3874    -1.3835      16470          6  0.000e+00
     15.440    -1.3870    -1.3841   2.436322   2.436002     2.4969     0.5358    93.2949      98.61 0.0000e+00     8.8098    384.122     0.1123    -1.3867    -1.3837      16471          6  0.000e+00
     15.498    -1.3856    -1.3838   2.436192   2.435955     2.4982     0.5358    93.2949      98.61 0.0000e+00     8.8151    384.354     0.1123    -1.3853    -1.3834      16472          6  0.000e+00
     15.498    -1.3847    -1.3839   2.436079   2.435939     2.4982     0.5358    93.2949      98.63 0.0000e+00     8.8150    384.350     0.1123    -1.3843    -1.3835      16473          6  0.000e+00
     15.498    -1.3838    -1.3838   2.436058   2.435955     2.4982     0.5358    93.2689      98.63 0.0000e+00     8.8148    384.343     0.1123    -1.3835    -1.3834      16474          6  0.000e+00
     15.469    -1.3838    -1.3839   2.436074   2.435923     2.4994     0.5358    93.2689      98.63 0.0000e+00     8.8202    384.576     0.1123    -1.3835    -1.3835      16475          6  0.000e+00
     15.439    -1.3844    -1.3836   2.436117   2.435965     2.4982     0.5358    93.2429      98.61 0.0000e+00     8.8149    384.343     0.1123    -1.3841    -1.3833      16476          6  0.000e+00
     15.498    -1.3848    -1.3839   2.436182   2.435971     2.4969     0.5504    93.2429      98.63 0.0000e+00     8.8095    384.112     0.1123    -1.3845    -1.3835      16477          6  0.000e+00
     15.498    -1.3853    -1.3836   2.436160   2.435923     2.4969     0.5578    93.2429      98.63 0.0000e+00     8.8097    384.117     0.1123    -1.3850    -1.3833      16478          6  0.000e+00
     15.439    -1.3853    -1.3838   2.436149   2.435970     2.4969     0.5578    93.2429      98.63 0.0000e+00     8.8096    384.114     0.1123    -1.3850    -1.3834      16479          6  0.000e+00
     15.520    -1.3844    -1.3841   2.436149   2.435986     2.4957     0.5578    93.2429      98.61 0.0000e+00     8.8041    383.876     0.1123    -1.3841    -1.3837      16480          6  0.000e+00
     15.498    -1.3833    -1.3842   2.436079   2.435986     2.4982     0.5578    93.2689      98.63 0.0000e+00     8.8147    384.338     0.1123    -1.3830    -1.3839      16481          6  0.000e+00
     15.439    -1.3829    -1.3844   2.436036   2.436007     2.4994     0.5578    93.2429      98.61 0.0000e+00     8.8200    384.568     0.1123    -1.3826    -1.3841      16482          6  0.000e+00
     15.498    -1.3830    -1.3845   2.436047   2.435991     2.4969     0.5578    93.2429      98.63 0.0000e+00     8.8093    384.102     0.1123    -1.3827    -1.3842      16483          6  0.000e+00
     15.439    -1.3835    -1.3847   2.436090   2.435986     2.4982     0.5578    93.2429      98.63 0.0000e+00     8.8147    384.336     0.1123    -1.3832    -1.3843      16484          6  0.000e+00
     15.498    -1.3839    -1.3848   2.436122   2.436023     2.4957     0.5578    93.2689      98.63 0.0000e+00     8.8040    383.871     0.1123    -1.3836    -1.3845      16485          6  0.000e+00
     15.520    -1.3841    -1.3844   2.436112   2.435976     2.4969     0.5578    93.2429      98.63 0.0000e+00     8.8095    384.109     0.1123    -1.3838    -1.3841      16486          6  0.000e+00
     15.439    -1.3844    -1.3847   2.436122   2.435960     2.4982     0.5578    93.2429      98.63 0.0000e+00     8.8148    384.343     0.1123    -1.3841    -1.3843      16487          6  0.000e+00
     15.498    -1.3840    -1.3844   2.436128   2.436002     2.4957     0.5578    93.2429      98.63 0.0000e+00     8.8040    383.871     0.1123    -1.3836    -1.3841      16488          6  0.000e+00
     15.498    -1.3840    -1.3842   2.436128   2.436012     2.4969     0.5578    93.2429      98.63 0.0000e+00     8.8094    384.107     0.1123    -1.3837    -1.3839      16489          6  0.000e+00
     15.498    -1.3841    -1.3838   2.436128   2.436065     2.4982     0.5578    93.2429      98.63 0.0000e+00     8.8148    384.343     0.1123    -1.3838    -1.3834      16490          6  0.000e+00
     15.410    -1.3843    -1.3838   2.436112   2.436086     2.4982     0.5578    93.2429      98.63 0.0000e+00     8.8148    384.340     0.1123    -1.3839    -1.3834      16491          6  0.000e+00
     15.498    -1.3844    -1.3836   2.436122   2.436007     2.4994     0.5578    93.2429      98.63 0.0000e+00     8.8203    384.581     0.1123    -1.3841    -1.3833      16492          6  0.000e+00
      5.428    -1.3588    -1.3495   2.434958   2.434821     2.5018     0.3600    93.0607      98.63 0.0000e+00     8.8145    384.341     0.1087    -1.3585    -1.3491      17089          7  0.000e+00
      5.480    -1.3588    -1.3496   2.434931   2.434821     2.5018     0.3600    93.0607      98.63 0.0000e+00     8.8146    384.344     0.1087    -1.3585    -1.3493      17090          7  0.000e+00
      5.369    -1.3590    -1.3489   2.434926   2.434827     2.5031     0.3600    93.0607      98.63 0.0000e+00     8.8199    384.575     0.1087    -1.3587    -1.3486      17091          7  0.000e+00
      5.480    -1.3584    -1.3495   2.434910   2.434753     2.5031     0.3673    93.0347      98.63 0.0000e+00     8.8199    384.576     0.1087    -1.3581    -1.3491      17092          7  0.000e+00
      5.369    -1.3581    -1.3517   2.434920   2.434670     2.5031     0.3600    93.0607      98.61 0.0000e+00     8.8197    384.567     0.1099    -1.3577    -1.3514      17093          7  0.000e+00
      5.531    -1.3578    -1.3550   2.434910   2.434680     2.5018     0.3673    93.0607      98.61 0.0000e+00     8.8145    384.339     0.1111    -1.3574    -1.3547      17094          7  0.000e+00
      5.480    -1.3572    -1.3569   2.434920   2.434659     2.5018     0.3600    93.0607      98.61 0.0000e+00     8.8143    384.330     0.1123    -1.3569    -1.3565      17095          7  0.000e+00
      5.428    -1.3561    -1.3554   2.434910   2.434706     2.5018     0.3673    93.0607      98.63 0.0000e+00     8.8140    384.319     0.1123    -1.3558    -1.3551      17096          7  0.000e+00
      5.531    -1.3551    -1.3531   2.434920   2.434790     2.5018     0.3600    93.0607      98.63 0.0000e+00     8.8139    384.314     0.1123    -1.3548    -1.3527      17097          7  0.000e+00
      5.369    -1.3537    -1.3520   2.434888   2.434837     2.5018     0.3600    93.0607      98.63 0.0000e+00     8.8135    384.295     0.1123    -1.3534    -1.3516      17098          7  0.000e+00
      5.480    -1.3528    -1.3519   2.434861   2.434827     2.5018     0.3600    93.0607      98.63 0.0000e+00     8.8134    384.294     0.1123    -1.3525    -1.3516      17099          7  0.000e+00
      5.480    -1.3523    -1.3518   2.434856   2.434837     2.5031     0.3600    93.0607      98.63 0.0000e+00     8.8187    384.524     0.1123    -1.3520    -1.3515      17100          7  0.000e+00
      5.428    -1.3521    -1.3515   2.434872   2.434853     2.5031     0.3600    93.0347      98.61 0.0000e+00     8.8186    384.519     0.1123    -1.3518    -1.3512      17101          7  0.000e+00
      5.480    -1.3519    -1.3510   2.434877   2.434827     2.5031     0.3600    93.0347      98.63 0.0000e+00     8.8186    384.519     0.1123    -1.3515    -1.3507      17102          7  0.000e+00
      5.479    -1.3523    -1.3509   2.434845   2.434837     2.5018     0.3600    93.0868      98.63 0.0000e+00     8.8133    384.290     0.1123    -1.3520    -1.3506      17103          7  0.000e+00
      5.479    -1.3521    -1.3508   2.434834   2.434816     2.5018     0.3600    93.1388      98.63 0.0000e+00     8.8133    384.289     0.1123    -1.3518    -1.3505      17104          7  0.000e+00
      5.369    -1.3517    -1.3509   2.434883   2.434816     2.5018     0.3966    93.1388      98.63 0.0000e+00     8.8130    384.277     0.1123    -1.3514    -1.3506      17105          7  0.000e+00
      5.479    -1.3517    -1.3518   2.434867   2.434806     2.5018     0.4113    93.1388      98.63 0.0000e+00     8.8132    384.284     0.1123    -1.3514    -1.3515      17106          7  0.000e+00
      5.428    -1.3516    -1.3530   2.434926   2.434879     2.5031     0.4113    93.1128      98.63 0.0000e+00     8.8184    384.513     0.1123    -1.3513    -1.3527      17107          7  0.000e+00
      5.479    -1.3519    -1.3544   2.434931   2.434874     2.5031     0.4113    93.1388      98.63 0.0000e+00     8.8185    384.517     0.1123    -1.3515    -1.3541      17108          7  0.000e+00
      5.501    -1.3526    -1.3558   2.434926   2.434869     2.5018     0.4113    93.1388      98.63 0.0000e+00     8.8133    384.291     0.1123    -1.3523    -1.3555      17109          7  0.000e+00
      5.428    -1.3534    -1.3569   2.434926   2.434931     2.5006     0.4113    93.1128      98.63 0.0000e+00     8.8080    384.059     0.1123    -1.3531    -1.3566      17110          7  0.000e+00
      5.428    -1.3532    -1.3570   2.434942   2.434905     2.5006     0.4113    93.1388      98.63 0.0000e+00     8.8080    384.057     0.1123    -1.3529    -1.3567      17111          7  0.000e+00
      5.479    -1.3532    -1.3577   2.434953   2.434910     2.5018     0.4113    93.1388      98.63 0.0000e+00     8.8134    384.294     0.1123    -1.3529    -1.3573      17112          7  0.000e+00
      5.479    -1.3533    -1.3582   2.434969   2.434905     2.5018     0.4113    93.1388      98.63 0.0000e+00     8.8134    384.293     0.1123    -1.3529    -1.3578      17113          7  0.000e+00
      5.428    -1.3532    -1.3586   2.434958   2.434895     2.5018     0.4113    93.1128      98.61 0.0000e+00     8.8134    384.291     0.1123    -1.3529    -1.3582      17114          7  0.000e+00
      5.428    -1.3532    -1.3592   2.434969   2.434874     2.5031     0.4113    93.1388      98.61 0.0000e+00     8.8187    384.525     0.1123    -1.3529    -1.3589      17115          7  0.000e+00
